  2500  500
  3  17  4  4  17  15  20  8  19  6  9  2  9  18  7  10  18  15  4  18  3  9  20  20  9  1  2  15  2  20  5  7  16  10  2  2  1  18  13  17  14  13  6  11  15  1  18  19  13  6  2  3  8  4  5  18  11  17  18  15  11  15  3  17  10  17  15  1  10  19  7  4  17  10  2  5  11  20  7  19  7  13  10  15  12  9  12  16  10  19  5  16  15  6  18  13  6  11  1  13  19  5  12  17  2  7  12  15  20  3  4  15  12  16  19  11  3  7  9  3  20  18  20  11  1  10  19  11  17  19  20  19  7  16  8  11  2  18  9  20  19  12  15  19  5  14  8  5  13  7  12  14  7  18  7  4  18  1  10  7  3  2  12  11  1  2  8  4  8  1  6  15  20  3  5  1  7  6  5  8  16  8  15  1  11  1  5  1  9  19  15  4  16  5  18  15  11  8  7  5  10  12  14  11  10  4  14  1  8  16  9  10  5  12  7  7  17  17  8  19  1  6  12  5  12  13  7  12  8  14  3  16  20  6  14  6  17  19  1  7  17  18  12  9  7  1  5  10  11  15  11  17  6  11  3  10  9  8  15  8  5  16  14  11  2  2  17  14  1  7  17  14  7  6  11  11  10  9  5  2  6  13  5  9  16  14  2  20  11  18  15  16  14  16  16  12  1  18  14  2  1  7  9  14  8  3  15  16  15  9  19  5  10  15  15  7  10  19  12  19  9  2  7  16  12  1  6  5  5  5  7  18  11  2  19  9  13  9  9  13  2  5  2  20  2  14  12  11  5  15  3  8  18  6  8  20  7  3  4  9  10  20  14  16  5  10  9  10  9  9  18  19  17  12  16  17  5  10  19  6  20  11  6  15  7  12  11  17  7  17  7  6  5  7  9  17  15  16  15  6  19  1  9  1  8  1  2  11  14  11  14  18  3  10  18  4  1  10  11  5  9  19  14  3  10  2  7  18  13  20  8  7  20  16  6  10  12  1  12  15  16  10  4  4  12  20  2  14  1  7  7  11  10  2  15  16  1  15  14  10  4  9  16  19  10  8  3  15  8  14  14  12  9  18  12  19  13  2  4  2  8  5  10  3  19  7  12  5  8  8  1  14  5  15  2  5  1  5  8  5
  6
  94  232  234  333  388  397
  4
  64  72  279  356
  5
  60  148  202  375  395
  6
  6  80  119  311  428  477
  4
  185  267  325  358
  4
  38  199  490  495
  4
  82  170  222  287
  7
  177  307  371  386  388  487  493
  8
  66  108  177  212  308  356  371  471
  5
  106  178  236  296  434
  9
  62  101  192  226  247  252  278  317  473
  3
  223  305  359
  9
  60  237  251  291  302  358  398  414  496
  5
  213  243  299  384  429
  5
  45  156  252  277  355
  2
  385  449
  10
  64  122  147  155  178  183  251  287  302  415
  7
  82  165  238  288  337  417  457
  7
  37  103  127  275  336  358  417
  7
  51  84  113  176  221  374  441
  8
  34  61  284  299  318  412  443  497
  7
  167  225  337  385  435  440  468
  3
  44  274  393
  4
  108  300  373  419
  7
  37  70  77  148  213  299  465
  9
  52  114  124  163  218  374  410  414  481
  3
  385  401  475
  7
  77  114  189  200  236  267  338
  5
  217  278  356  458  479
  7
  106  114  135  160  237  445  498
  2
  30  353
  8
  48  66  86  289  324  361  406  456
  10
  19  50  64  79  196  206  275  387  437  472
  2
  58  163
  8
  16  18  20  161  192  261  369  451
  7
  36  57  76  88  156  297  482
  8
  6  76  138  155  160  275  401  435
  8
  55  65  71  223  231  268  344  383
  2
  279  307
  3
  65  96  291
  3
  206  348  462
  7
  213  245  295  363  377  379  484
  4
  36  37  138  489
  4
  27  46  355  478
  10
  81  110  234  250  268  287  300  363  407  410
  3
  101  168  462
  7
  61  154  169  209  220  317  321
  3
  129  314  487
  3
  113  120  254
  6
  107  114  391  400  403  487
  10
  12  66  88  124  238  278  306  377  448  473
  8
  34  222  252  283  406  419  441  466
  3
  107  314  473
  8
  15  74  197  274  358  431  460  490
  10
  57  91  158  206  303  394  411  431  465  494
  10
  107  117  147  178  183  208  316  357  449  454
  3
  256  283  416
  9
  70  200  204  250  274  300  323  330  379
  5
  107  195  264  396  459
  4
  35  240  256  353
  9
  53  80  87  121  136  181  243  248  294
  8
  21  187  296  312  328  386  400  439
  2
  122  479
  8
  34  101  132  196  273  307  335  410
  4
  330  342  388  447
  6
  45  217  254  389  436  483
  7
  76  84  98  125  187  215  412
  3
  69  346  480
  8
  81  111  219  224  234  422  424  437
  9
  21  62  100  151  293  310  317  408  427
  8
  23  52  124  216  223  273  395  477
  2
  230  458
  6
  155  183  261  293  372  483
  5
  24  92  377  382  457
  8
  152  213  347  373  421  436  484  493
  9
  23  133  175  340  349  393  400  412  500
  3
  176  391  474
  9
  14  47  67  98  107  207  334  335  432
  8
  34  63  167  185  251  265  282  359
  4
  95  251  435  449
  9
  58  83  119  199  234  273  295  389  449
  5
  17  216  271  381  422
  2
  470  494
  7
  40  47  244  252  416  447  485
  4
  58  283  410  464
  10
  90  119  126  168  217  232  272  303  415  453
  2
  323  401
  4
  55  133  244  478
  3
  191  217  298
  2
  18  395
  4
  3  46  142  312
  8
  26  134  141  180  244  303  328  481
  7
  121  169  234  262  330  407  424
  3
  187  258  402
  10
  65  153  161  183  184  189  222  323  470  477
  5
  195  253  286  484  489
  6
  349  396  410  446  469  497
  3
  254  379  446
  3
  94  257  479
  7
  81  206  217  319  377  387  418
  5
  21  108  124  176  499
  8
  41  58  105  139  148  354  454  471
  6
  15  229  260  265  315  320
  7
  136  137  185  246  309  339  498
  9
  35  134  159  174  187  251  362  429  432
  4
  135  176  417  418
  10
  14  53  146  151  175  228  243  266  303  464
  6
  29  96  181  195  371  483
  10
  6  124  215  216  245  264  288  407  421  429
  3
  72  240  294
  5
  154  407  426  437  482
  6
  14  15  129  211  411  487
  10
  23  187  189  219  229  240  315  359  378  384
  4
  34  105  117  464
  2
  73  215
  6
  45  203  251  367  491  496
  10
  79  116  245  253  340  342  350  404  422  426
  8
  51  80  120  197  198  316  323  332
  10
  2  33  37  93  138  145  265  360  383  470
  7
  11  26  28  215  258  279  295
  2
  208  211
  5
  8  36  135  342  464
  7
  18  57  80  119  155  278  328
  9
  178  227  241  326  337  351  396  451  470
  4
  149  468  478  485
  5
  17  24  158  161  364
  9
  11  38  124  154  231  247  330  460  483
  3
  93  355  403
  10
  58  113  118  121  145  207  269  340  361  428
  4
  138  228  359  450
  3
  263  269  389
  7
  185  261  292  306  388  403  405
  6
  91  124  234  359  374  403
  5
  16  78  113  349  371
  9
  67  87  153  157  193  198  369  417  457
  10
  36  224  270  273  317  346  372  413  447  481
  8
  104  109  211  383  398  400  469  493
  10
  142  175  185  248  249  279  397  414  427  461
  9
  14  47  215  216  276  290  412  461  487
  9
  1  149  246  344  377  398  455  480  491
  2
  248  402
  4
  31  357  372  434
  10
  30  69  117  147  161  170  212  360  404  434
  10
  92  94  197  219  257  292  299  366  399  470
  8
  120  198  201  310  328  378  435  460
  9
  46  81  186  205  222  270  305  369  428
  10
  33  47  79  139  199  260  356  365  404  478
  2
  11  375
  5
  71  182  290  329  444
  10
  82  156  200  346  351  352  423  449  450  481
  3
  24  358  489
  2
  142  301
  6
  40  157  242  300  356  398
  3
  107  424  485
  9
  118  129  193  247  261  407  433  464  483
  7
  197  207  245  348  442  453  487
  4
  9  19  21  375
  2
  188  246
  2
  193  239
  4
  3  18  225  233
  9
  69  125  188  203  278  302  322  469  474
  3
  79  176  382
  7
  172  194  204  305  312  383  463
  7
  34  42  110  331  356  392  440
  8
  1  43  50  177  240  356  432  467
  10
  150  200  330  344  356  389  461  490  492  498
  7
  18  119  264  283  312  361  437
  7
  10  178  192  452  481  494  500
  5
  28  62  99  106  372
  7
  16  24  57  125  184  228  381
  5
  198  274  312  382  492
  3
  89  263  274
  10
  37  77  96  143  225  271  336  341  409  493
  3
  5  177  420
  10
  15  116  126  201  226  315  361  370  472  473
  9
  88  123  135  187  188  233  432  452  482
  5
  24  240  352  354  374
  5
  11  173  371  390  414
  9
  125  129  168  233  320  329  330  375  385
  2
  375  415
  9
  3  62  65  94  178  214  352  409  459
  7
  17  20  62  229  379  410  473
  5
  268  290  344  449  456
  5
  12  33  188  315  497
  10
  30  75  106  169  218  254  273  289  468  486
  5
  40  46  64  100  135
  7
  63  221  222  310  317  350  405
  7
  25  67  73  210  220  326  346
  9
  68  101  247  277  280  309  391  430  491
  6
  99  161  177  232  244  401
  3
  60  159  454
  7
  5  43  201  203  278  345  480
  8
  36  56  86  93  147  241  288  381
  6
  1  94  282  285  401  421
  5
  273  302  418  425  437
  9
  73  102  114  235  289  345  380  407  493
  10
  63  65  81  115  273  342  397  420  441  482
  4
  110  262  422  450
  6
  31  84  350  407  424  495
  6
  126  154  195  242  265  313
  2
  145  323
  3
  48  132  436
  7
  113  116  129  157  199  375  478
  7
  5  139  261  290  304  405  489
  6
  75  102  138  242  247  470
  7
  89  145  179  421  422  473  484
  7
  105  190  210  229  309  366  444
  10
  37  70  125  300  322  382  413  419  478  488
  8
  19  87  130  148  160  197  377  499
  7
  23  93  198  248  315  341  421
  9
  107  127  141  196  219  224  241  433  445
  3
  335  478  486
  5
  41  46  48  157  272
  3
  67  298  430
  9
  29  75  110  120  261  296  459  463  488
  6
  7  146  256  297  342  387
  6
  37  49  86  132  202  243
  7
  69  87  98  178  300  439  456
  9
  25  49  143  234  235  294  297  425  468
  8
  70  112  141  233  239  341  438  491
  3
  400  412  436
  10
  7  27  139  208  305  364  412  424  450  496
  9
  37  184  269  375  379  399  407  426  452
  5
  8  117  212  376  426
  5
  44  170  292  293  476
  9
  69  189  299  374  432  450  458  471  477
  6
  44  191  210  238  436  449
  6
  72  79  139  151  184  392
  8
  14  117  164  286  310  314  330  432
  6
  83  91  99  103  133  134
  5
  131  165  202  248  282
  6
  173  187  196  270  331  451
  2
  82  457
  10
  24  37  68  185  232  246  292  306  476  500
  10
  92  160  173  224  293  304  327  376  392  430
  8
  40  69  75  108  151  216  218  431
  4
  34  73  231  333
  2
  70  384
  3
  63  206  245
  2
  222  238
  10
  35  51  150  374  375  394  397  437  466  469
  4
  25  61  174  479
  10
  5  6  21  81  143  144  288  328  375  412
  5
  68  73  79  97  184
  10
  81  127  169  237  246  262  283  288  479  497
  7
  214  283  302  329  340  397  413
  4
  6  50  105  157
  2
  350  500
  4
  84  131  369  384
  8
  102  204  304  310  343  391  422  442
  4
  360  388  418  473
  10
  37  42  44  67  100  191  242  250  336  361
  6
  57  80  164  276  339  392
  4
  131  233  251  448
  9
  53  131  188  249  328  363  399  460  465
  10
  14  16  54  79  124  227  315  341  369  434
  5
  16  53  362  367  449
  7
  55  171  193  249  258  390  394
  10
  12  59  60  199  297  300  313  385  444  499
  10
  75  101  163  212  387  412  430  442  465  498
  4
  28  105  194  296
  2
  183  371
  5
  378  383  464  478  491
  3
  125  275  290
  7
  26  92  170  215  250  390  395
  6
  28  45  125  175  283  347
  9
  49  59  172  209  387  404  456  459  468
  8
  64  117  145  173  208  278  325  369
  7
  84  189  268  270  277  468  477
  4
  59  78  228  491
  7
  78  137  227  286  297  403  448
  2
  364  472
  3
  130  207  486
  10
  9  61  71  108  145  260  261  333  427  445
  8
  77  86  204  212  238  243  244  245
  7
  56  262  272  286  322  336  456
  8
  17  69  158  335  338  371  491  498
  4
  37  107  292  436
  2
  57  80
  6
  18  127  130  191  437  440
  5
  227  258  326  361  367
  7
  68  148  164  188  321  349  375
  8
  3  80  193  333  368  397  477  497
  9
  5  12  150  180  239  368  402  420  475
  9
  137  239  335  358  374  421  464  476  493
  5
  62  89  270  360  498
  2
  108  128
  2
  209  351
  4
  100  211  235  394
  3
  132  223  312
  8
  174  179  250  305  331  365  487  490
  3
  172  206  240
  5
  55  115  203  258  426
  2
  25  310
  6
  6  91  147  233  432  483
  10
  29  56  98  147  171  194  242  250  256  368
  4
  103  132  224  330
  5
  28  84  125  245  448
  5
  171  355  396  433  458
  6
  115  121  199  267  279  350
  6
  89  123  134  253  335  433
  8
  23  48  156  172  252  285  378  486
  5
  129  173  403  423  489
  10
  233  262  269  296  381  383  433  457  467  477
  3
  218  405  457
  9
  104  111  172  177  220  246  370  388  478
  9
  38  94  145  151  154  225  300  342  347
  6
  21  62  180  181  218  434
  6
  77  105  176  311  359  495
  9
  24  200  213  418  419  426  463  482  490
  8
  28  128  227  267  380  394  399  414
  9
  9  18  49  112  192  198  300  348  441
  2
  268  480
  4
  164  205  215  409
  2
  161  218
  4
  10  272  312  483
  4
  57  58  187  241
  5
  3  7  9  74  196
  4
  38  227  368  432
  2
  162  245
  7
  48  89  132  223  333  428  441
  7
  75  289  294  308  365  419  462
  6
  6  54  78  289  345  424
  7
  35  181  271  277  337  417  478
  7
  10  245  260  263  273  309  416
  4
  298  336  446  494
  10
  86  108  136  149  226  297  314  358  373  483
  8
  62  220  281  301  377  394  474  498
  6
  91  147  175  251  352  377
  3
  103  123  323
  8
  6  32  116  178  270  377  413  471
  7
  65  74  82  137  232  417  435
  2
  12  70
  2
  272  335
  4
  70  246  253  482
  2
  285  408
  3
  126  204  457
  8
  109  118  184  227  387  432  435  495
  10
  44  89  95  145  254  304  322  327  419  434
  9
  78  118  129  157  258  291  437  489  490
  6
  41  58  114  228  324  412
  7
  9  56  129  189  318  346  500
  6
  93  103  295  346  372  419
  9
  106  118  152  202  231  245  291  420  479
  6
  3  100  168  180  188  438
  4
  174  231  254  446
  9
  32  155  203  209  212  364  377  446  453
  9
  2  8  194  195  248  367  378  411  454
  8
  36  60  80  235  288  379  407  451
  2
  441  460
  8
  25  64  103  116  159  169  212  260
  7
  5  189  196  275  309  400  415
  6
  62  72  228  240  318  483
  10
  10  51  291  342  345  350  365  375  423  473
  5
  184  281  340  418  450
  9
  95  104  108  154  191  296  406  491  500
  9
  28  39  226  368  429  455  456  475  491
  4
  57  114  268  405
  2
  126  153
  8
  56  87  194  219  354  393  405  480
  2
  217  240
  8
  4  107  154  204  256  291  442  486
  2
  51  237
  7
  8  80  137  183  269  323  452
  7
  81  130  230  278  314  445  498
  2
  59  332
  3
  106  245  470
  5
  110  183  216  297  407
  7
  6  29  66  130  146  296  433
  4
  173  216  279  423
  10
  6  41  156  237  261  262  300  329  400  449
  3
  55  88  341
  5
  125  180  277  443  494
  2
  189  202
  4
  44  53  418  446
  10
  21  85  116  182  211  213  260  264  292  464
  3
  141  333  454
  7
  10  50  61  82  111  146  340
  8
  107  131  209  294  329  431  434  442
  10
  3  128  130  237  251  261  325  424  458  476
  9
  62  143  165  199  263  314  316  318  500
  7
  132  205  209  250  417  445  489
  4
  107  323  338  368
  2
  122  415
  6
  58  80  187  281  407  469
  9
  7  10  94  102  123  190  323  379  480
  9
  128  229  260  290  313  327  426  476  483
  3
  46  53  362
  8
  62  111  148  154  311  324  365  442
  3
  46  402  485
  6
  136  204  209  232  317  377
  9
  38  74  202  232  243  272  297  318  492
  3
  127  132  287
  3
  204  299  489
  7
  6  8  29  137  271  277  426
  7
  119  143  169  232  412  443  489
  2
  9  299
  7
  74  164  203  245  249  314  474
  3
  4  67  118
  8
  56  77  102  104  174  231  297  351
  2
  61  417
  9
  15  44  97  117  308  355  389  407  471
  9
  32  87  150  172  238  286  295  372  421
  9
  74  123  136  159  161  242  344  359  361
  9
  44  162  232  314  356  373  407  417  487
  6
  204  222  291  298  334  365
  10
  27  156  239  243  265  335  398  419  431  495
  6
  33  120  161  180  237  238
  9
  90  142  222  280  295  328  381  453  480
  7
  260  287  351  373  432  452  481
  6
  146  227  232  293  331  396
  6
  38  109  295  326  374  416
  7
  30  56  66  114  234  424  476
  9
  4  73  100  143  149  224  323  402  499
  8
  2  71  104  185  246  464  482  483
  7
  85  149  186  298  396  447  457
  6
  39  156  162  242  245  373
  3
  10  208  360
  8
  69  120  136  142  180  255  314  399
  10
  40  97  131  162  222  234  293  310  320  468
  5
  109  162  163  248  455
  6
  116  150  167  190  249  295
  7
  9  28  93  129  149  196  391
  4
  162  229  258  400
  2
  367  389
  4
  81  174  431  478
  5
  113  261  281  307  478
  8
  7  79  161  183  258  374  413  497
  5
  228  237  264  358  445
  3
  31  184  488
  8
  48  113  288  329  341  374  391  490
  8
  218  244  334  352  354  372  399  480
  5
  44  89  173  196  214
  2
  195  359
  5
  18  207  410  461  496
  10
  202  218  241  248  309  338  357  370  399  419
  2
  180  403
  7
  226  327  376  418  427  459  471
  5
  158  236  245  283  366
  2
  262  269
  9
  69  111  184  352  381  443  464  467  498
  6
  197  211  295  393  433  438
  10
  62  77  93  170  236  284  339  357  409  414
  10
  46  93  116  167  209  251  292  317  388  416
  10
  11  72  74  159  203  261  279  391  405  468
  5
  9  167  252  310  447
  2
  140  216
  3
  190  376  436
  6
  241  324  363  398  421  500
  7
  18  34  102  304  350  368  471
  9
  123  146  160  198  290  352  422  434  452
  9
  5  35  196  240  328  334  366  409  461
  10
  74  100  133  205  220  284  285  293  387  475
  6
  189  192  218  259  422  463
  2
  104  120
  7
  15  22  39  186  413  462  469
  5
  120  140  194  320  332
  2
  84  164
  6
  97  110  198  288  370  390
  3
  12  45  365
  6
  27  41  121  246  304  396
  10
  6  68  89  108  241  299  342  367  383  480
  3
  130  137  389
  8
  100  131  134  304  321  404  427  481
  10
  3  11  175  204  297  301  325  326  457  466
  4
  76  180  297  499
  9
  53  150  218  241  248  260  275  287  307
  9
  35  185  203  282  294  333  366  382  461
  6
  16  46  70  113  155  256
  8
  105  154  256  285  292  373  441  490
  9
  35  236  250  330  356  366  453  481  497
  5
  65  380  427  437  460
  7
  64  176  223  303  344  366  398
  10
  29  91  139  179  233  357  407  416  443  473
  3
  51  168  391
  3
  41  211  281
  6
  44  135  245  274  321  451
  3
  210  320  448
  6
  122  185  200  255  303  311
  2
  72  199
  5
  170  243  251  272  309
  8
  121  210  235  296  400  440  443  450
  6
  84  218  276  287  367  418
  5
  15  26  75  107  494
  10
  5  56  169  185  280  282  297  402  404  407
  2
  249  350
  10
  66  71  84  122  123  219  241  347  470  497
  4
  65  99  174  429
  10
  35  52  120  140  197  273  336  387  436  484
  3
  187  202  375
  9
  194  209  218  233  256  295  366  413  414
  3
  61  164  495
  3
  108  380  462
  3
  31  98  366
  10
  12  58  69  72  84  104  174  248  402  414
  2
  141  247
  6
  10  17  142  220  425  472
  9
  23  87  105  302  344  367  392  420  500
  6
  109  185  357  395  420  486
  5
  52  105  110  137  472
  3
  17  307  380
  3
  136  338  476
  7
  10  138  160  226  336  347  473
  8
  67  95  130  145  301  365  370  457
  10
  76  165  200  243  268  294  298  301  319  460
  7
  87  145  383  391  425  431  447
  6
  24  164  241  314  427  471
  8
  28  54  97  99  216  225  351  435
  7
  155  182  203  338  339  383  467
  6
  63  188  284  303  349  376
  4
  30  240  280  493
  4
  79  231  382  483
  3
  274  333  411
  2
  23  141
  8
  18  85  207  238  242  319  379  486
  6
  43  115  215  318  478  485
  7
  15  75  179  183  192  278  292
  3
  72  85  245
  4
  335  367  418  476
  6
  4  135  277  362  422  500
  7
  63  87  107  141  144  252  395
  7
  29  182  219  279  389  450  496
  7
  34  67  103  108  301  327  387
  2
  166  334
  10
  3  61  143  198  422  444  447  458  477  493
  5
  92  116  162  392  414
  8
  53  96  176  267  329  376  422  443
  3
  103  113  331
  7
  11  138  200  359  406  419  444
  6
  55  147  177  230  320  465
  8
  30  131  192  242  291  437  454  484
  10
  11  34  68  172  189  286  312  374  413  461
  2
  152  384
  7
  3  199  247  314  388  446  474
  6
  59  189  301  309  317  427
  7
  22  261  303  312  432  479  484
  6
  11  78  212  333  383  391
  6
  138  176  337  386  405  479
  10
  10  27  61  105  121  307  402  437  465  491
  3
  13  136  144
  5
  32  141  233  253  259
  5
  19  167  177  297  439
  2
  60  421
  6
  18  294  324  381  485  491
  5
  58  125  159  177  271
  5
  37  136  219  440  486
  5
  63  220  314  365  421
  2
  201  416
  2
  349  378
  7
  107  116  200  256  320  376  436
  6
  22  70  283  384  399  476
  5
  30  62  159  185  334
  9
  51  158  219  295  320  369  373  420  497
  5
  127  167  234  311  327
  7
  38  204  271  277  362  364  470
  4
  8  25  76  146
  9
  9  27  36  126  175  206  424  457  464
  10
  53  79  128  230  236  259  285  291  343  425
  6
  19  20  407  425  428  499
  8
  68  231  260  283  312  349  354  436
  2
  76  89
  9
  4  59  71  134  147  150  209  311  321
  8
  8  133  160  169  216  282  290  455
  7
  22  158  187  331  360  392  487
  9
  8  55  169  211  216  273  322  365  484
  6
  4  14  149  242  264  471
  6
  2  343  347  426  475  484
  5
  4  194  357  405  416
  4
  66  318  405  498
  5
  97  136  156  449  487
  7
  42  72  227  252  299  445  481
  10
  24  53  61  130  197  240  241  312  353  399
  4
  147  175  247  458
  3
  9  320  500
  4
  83  165  245  427
  8
  4  47  74  399  448  457  471  498
  10
  72  78  208  229  234  252  274  286  290  448
  9
  166  180  214  351  412  421  440  446  477
  9
  30  44  152  211  260  351  359  396  436
  4
  50  245  317  416
  10
  83  85  158  284  290  314  371  372  379  464
  6
  25  64  114  129  207  463
  8
  121  143  191  218  289  459  476  495
  3
  147  179  330
  10
  33  57  100  159  170  212  353  454  472  497
  2
  41  326
  8
  11  32  83  109  127  308  402  433
  10
  39  101  134  143  224  227  272  343  490  495
  5
  288  369  380  399  459
  8
  134  208  246  467  472  480  495  496
  6
  100  127  138  205  224  238
  7
  139  146  206  213  328  383  415
  9
  42  71  133  148  271  331  375  410  474
  2
  256  367
  8
  56  145  257  328  383  407  443  469
  8
  37  106  136  170  334  384  391  475
  2
  124  259
  6
  41  236  239  267  332  492
  6
  85  128  242  398  466  489
  5
  141  257  368  453  500
  10
  56  65  121  181  191  235  266  303  310  406
  10
  194  207  269  307  316  380  389  402  495  498
  5
  136  356  451  486  492
  10
  37  69  215  246  308  353  402  408  414  460
  7
  58  194  229  251  331  359  477
  2
  13  404
  10
  83  131  163  172  219  245  282  298  314  468
  10
  33  69  136  137  159  228  320  333  389  479
  4
  47  313  377  486
  8
  55  102  194  294  297  374  455  461
  5
  74  133  363  422  446
  2
  19  132
  6
  120  223  364  388  444  473
  10
  118  142  329  333  350  364  429  448  466  488
  3
  75  321  399
  8
  3  105  210  295  328  382  447  477
  2
  272  348
  3
  19  158  262
  2
  46  321
  6
  132  257  325  361  456  483
  5
  3  135  159  362  472
  9
  13  20  85  99  194  227  270  294  319
  4
  209  241  338  479
  9
  22  64  191  196  358  455  467  479  498
  2
  39  310
  2
  117  354
  6
  15  20  53  218  466  486
  3
  46  75  359
  3
  85  334  336
  10
  17  64  152  165  184  289  386  448  475  477
  6
  53  159  264  286  403  476
  7
  110  202  216  229  241  443  481
  2
  125  458
  2
  185  291
  9
  2  19  97  107  124  129  208  249  345
  4
  149  181  182  226
  8
  141  201  234  339  422  453  475  494
  9
  34  91  119  178  181  296  331  383  488
  3
  82  102  348
  8
  32  243  265  312  318  324  447  475
  8
  8  55  57  271  347  379  446  474
  6
  32  36  179  393  420  453
  9
  18  82  114  143  165  224  293  376  482
  6
  5  76  146  160  371  466
  8
  89  143  172  278  288  321  325  457
  2
  120  392
  5
  90  101  280  326  436
  7
  32  74  137  148  355  405  494
  10
  8  39  55  116  118  166  241  351  404  425
  5
  87  157  198  217  459
  5
  77  229  356  435  498
  10
  167  190  232  282  306  387  399  413  422  483
  6
  10  132  238  271  340  412
  9
  9  24  80  120  125  223  250  383  385
  8
  91  146  198  226  235  255  264  473
  3
  100  189  489
  5
  284  289  371  373  458
  10
  23  42  51  84  115  166  197  201  411  479
  5
  99  151  185  234  405
  6
  186  244  259  293  398  476
  10
  60  137  230  256  276  303  400  430  452  472
  9
  32  64  159  172  203  242  386  414  447
  2
  340  424
  7
  16  52  74  194  254  293  396
  10
  23  115  122  195  203  271  300  419  426  473
  8
  217  278  295  323  335  342  424  449
  7
  29  160  219  334  358  407  473
  6
  20  204  296  330  360  482
  10
  9  101  287  299  307  375  387  394  439  446
  7
  17  59  237  258  459  496  499
  4
  199  243  265  350
  8
  8  179  213  336  354  387  422  467
  5
  131  146  268  296  466
  5
  18  83  118  141  270
  8
  74  84  98  200  204  284  318  476
  10
  17  29  130  171  178  335  349  350  354  408
  7
  1  266  282  315  360  362  430
  7
  132  265  356  407  416  471  496
  2
  174  320
  9
  7  182  258  298  325  331  339  345  374
  9
  63  118  240  311  315  322  388  475  485
  5
  69  84  130  325  387
  8
  76  160  231  240  300  393  438  485
  9
  53  59  260  335  376  383  386  402  437
  10
  137  138  290  295  316  361  366  449  459  488
  2
  80  430
  8
  34  40  59  88  118  181  244  286
  9
  87  203  220  277  321  377  400  440  469
  3
  102  319  400
  2
  25  84
  9
  21  54  96  116  136  159  226  433  442
  7
  47  166  254  273  324  483  496
  8
  34  60  104  148  269  328  378  431
  10
  37  65  76  158  170  179  251  351  416  479
  5
  58  126  240  388  497
  10
  42  147  155  168  174  184  201  207  241  290
  7
  120  132  185  186  233  362  471
  2
  221  470
  8
  1  92  244  255  334  396  441  496
  2
  473  482
  6
  102  136  167  221  271  312
  7
  94  122  126  218  318  347  499
  4
  145  171  178  465
  8
  197  212  217  229  261  318  387  438
  6
  32  127  147  221  312  457
  3
  31  208  385
  3
  236  413  476
  4
  17  299  308  350
  7
  47  110  149  302  310  447  453
  3
  141  415  489
  3
  258  327  416
  10
  45  58  63  75  147  164  319  334  352  371
  7
  59  62  216  259  264  353  383
  8
  19  22  83  97  98  123  346  467
  8
  20  65  350  410  437  444  489  490
  6
  73  77  213  357  397  421
  4
  50  93  294  301
  2
  154  334
  3
  21  309  390
  6
  148  167  283  366  471  498
  3
  191  300  468
  5
  103  138  365  366  444
  7
  64  167  241  265  272  336  341
  7
  77  124  179  357  409  412  493
  9
  83  128  280  285  350  384  447  452  498
  8
  13  32  72  112  116  218  431  475
  4
  36  53  171  184
  2
  21  371
  10
  29  60  169  192  195  284  357  376  425  480
  5
  135  270  318  357  497
  3
  311  316  384
  7
  45  48  89  104  192  222  335
  10
  11  29  34  84  196  236  275  452  461  468
  2
  86  162
  2
  122  419
  2
  425  484
  4
  92  185  360  418
  2
  186  216
  3
  72  289  291
  9
  112  143  160  221  224  234  291  365  486
  9
  28  33  83  215  271  287  310  323  489
  6
  22  43  46  73  443  499
  4
  138  250  260  279
  9
  19  112  217  273  289  358  428  438  478
  6
  168  236  265  339  351  494
  10
  35  65  107  168  312  316  323  406  450  461
  8
  244  260  269  290  293  397  481  486
  6
  85  263  386  435  460  474
  8
  32  110  158  229  341  359  361  465
  4
  99  174  240  358
  3
  98  333  446
  8
  175  200  225  237  238  347  416  447
  10
  32  56  90  112  123  150  197  198  364  486
  4
  323  430  466  492
  9
  50  109  117  142  153  233  239  277  444
  3
  17  63  356
  5
  43  48  63  130  480
  3
  45  51  439
  7
  31  112  177  216  374  458  481
  10
  114  118  124  136  137  179  254  327  404  472
  5
  121  191  210  315  496
  4
  64  77  125  428
  3
  134  195  375
  5
  42  122  366  378  448
  5
  3  109  133  226  439
  10
  78  92  137  142  182  194  342  352  357  476
  8
  17  167  200  319  330  347  396  429
  8
  131  134  188  219  284  396  421  429
  6
  76  135  393  397  446  492
  6
  37  58  122  377  453  498
  4
  135  223  433  472
  2
  284  467
  9
  103  115  148  228  302  331  361  424  459
  3
  88  211  402
  7
  36  124  192  251  318  411  460
  4
  49  83  120  152
  8
  138  204  205  312  314  419  474  499
  4
  13  101  262  295
  9
  33  50  96  117  143  198  280  326  440
  10
  23  109  137  228  275  335  361  364  426  427
  8
  7  12  15  48  137  224  229  355
  3
  269  283  386
  8
  18  135  173  203  254  374  402  463
  5
  14  187  277  296  392
  9
  32  44  107  234  258  334  349  399  455
  7
  15  48  137  162  232  278  487
  10
  28  169  190  201  240  244  302  323  363  391
  9
  35  71  100  137  174  343  387  412  437
  9
  6  86  117  147  174  188  217  325  341
  8
  49  185  308  314  322  372  433  495
  10
  211  292  330  351  375  379  428  447  460  461
  5
  56  197  344  352  354
  3
  5  129  430
  2
  209  446
  2
  110  265
  9
  50  75  97  158  192  212  289  356  425
  3
  3  364  421
  2
  134  479
  8
  58  62  208  222  251  265  490  496
  9
  21  90  107  115  277  330  382  402  450
  10
  37  58  61  112  143  266  272  369  428  498
  6
  57  117  155  188  223  391
  4
  157  316  394  445
  7
  13  48  199  258  261  341  475
  8
  151  186  216  224  238  362  401  464
  10
  37  154  214  233  260  315  379  426  469  492
  5
  55  262  435  460  474
  10
  78  117  145  208  248  330  339  391  414  416
  10
  25  66  72  135  158  192  193  245  341  471
  2
  324  457
  2
  32  437
  6
  157  188  215  267  277  473
  3
  56  446  481
  9
  80  207  213  263  315  342  421  485  498
  8
  91  174  237  239  358  423  437  474
  8
  144  184  225  303  330  350  361  488
  7
  93  131  199  339  396  461  498
  9
  3  62  85  242  279  281  289  292  391
  4
  6  189  361  369
  4
  68  236  273  371
  8
  55  212  300  352  365  402  435  449
  5
  97  168  336  356  423
  7
  75  139  158  175  305  421  486
  10
  21  49  53  55  244  257  274  325  331  428
  6
  24  123  158  217  245  460
  8
  12  56  245  313  335  347  385  397
  6
  109  219  356  380  422  448
  2
  181  191
  8
  15  23  154  179  210  230  252  394
  4
  39  77  270  277
  7
  8  108  150  176  406  468  481
  9
  10  106  221  289  339  351  433  458  464
  8
  174  265  282  285  288  413  421  437
  2
  167  468
  6
  73  110  141  189  408  480
  2
  177  253
  9
  19  45  82  88  114  286  315  453  474
  2
  14  318
  3
  68  243  358
  4
  12  35  243  326
  5
  147  282  337  478  490
  5
  190  198  216  300  431
  10
  134  151  152  195  210  220  221  223  332  439
  2
  185  409
  6
  126  156  235  250  291  351
  3
  112  173  178
  8
  6  11  119  125  158  273  338  466
  6
  153  186  286  289  296  332
  9
  57  214  278  304  432  442  486  494  498
  2
  336  422
  2
  243  428
  7
  39  132  142  422  467  490  494
  3
  175  422  433
  4
  118  143  186  284
  2
  265  327
  5
  11  161  193  397  431
  7
  63  72  88  234  265  387  395
  9
  22  32  148  198  274  345  422  447  500
  4
  35  245  325  327
  8
  26  211  218  244  254  341  353  355
  10
  106  152  189  268  304  349  373  387  442  455
  8
  26  34  219  246  301  334  352  423
  7
  298  350  402  422  432  451  492
  2
  37  63
  6
  14  135  140  155  225  474
  5
  119  221  232  340  358
  6
  201  269  277  362  396  472
  7
  192  217  248  373  415  476  480
  5
  103  145  243  265  402
  4
  172  176  367  420
  10
  24  77  127  206  237  269  289  406  435  500
  4
  53  82  429  479
  7
  63  176  277  293  433  451  476
  10
  96  102  127  131  141  296  357  371  390  460
  7
  33  82  101  125  181  185  460
  10
  20  62  93  94  126  210  303  331  363  485
  4
  141  165  222  474
  10
  96  106  128  174  239  240  393  398  409  453
  4
  74  76  143  462
  3
  159  234  451
  6
  114  208  224  326  390  447
  2
  29  185
  6
  61  121  191  208  267  353
  6
  3  51  139  150  158  454
  10
  40  107  146  188  268  331  340  398  411  458
  2
  169  433
  10
  71  85  168  198  290  315  402  428  434  500
  10
  50  68  105  178  196  251  285  412  470  491
  2
  390  497
  8
  55  124  131  179  186  221  351  435
  10
  58  158  184  225  245  273  343  396  439  454
  4
  41  115  122  413
  6
  92  94  98  106  354  414
  10
  37  90  98  127  184  220  337  376  458  498
  8
  62  225  309  310  318  404  455  487
  4
  111  163  225  493
  3
  59  177  256
  5
  9  244  267  340  432
  9
  57  116  216  235  319  407  458  468  497
  3
  49  154  178
  9
  85  96  175  180  290  322  433  479  494
  10
  30  36  116  129  158  197  198  249  295  439
  8
  5  190  197  214  398  418  431  433
  9
  42  71  96  156  269  291  369  433  458
  10
  5  108  123  128  202  208  225  259  287  322
  6
  10  13  20  168  365  466
  10
  9  17  123  151  227  279  295  300  319  459
  5
  182  240  332  345  465
  5
  35  43  167  233  279
  3
  28  80  118
  3
  131  200  351
  3
  304  400  401
  10
  84  139  152  233  272  314  318  326  407  480
  3
  37  370  443
  8
  4  88  198  200  221  316  325  364
  6
  67  87  186  308  312  335
  9
  82  103  148  156  294  361  390  396  459
  2
  377  465
  6
  68  110  269  414  431  500
  6
  126  140  155  356  432  491
  7
  265  296  314  393  398  463  494
  10
  5  81  108  212  263  296  330  405  457  468
  9
  20  47  130  185  249  271  365  384  398
  6
  65  68  149  246  364  475
  6
  1  35  65  94  286  372
  8
  44  110  184  235  264  405  452  480
  4
  57  158  421  488
  8
  160  279  297  344  355  360  384  391
  6
  49  251  261  286  458  478
  4
  51  317  344  446
  10
  11  57  135  170  178  259  359  360  379  494
  8
  74  104  108  297  303  373  378  465
  8
  140  166  171  233  260  372  403  500
  8
  13  62  71  73  139  387  401  447
  2
  15  494
  10
  32  162  186  199  270  314  341  373  395  500
  3
  99  344  441
  3
  222  313  427
  4
  97  241  255  317
  3
  34  117  370
  10
  107  238  276  277  293  396  425  426  446  463
  7
  32  111  207  313  356  415  454
  5
  58  110  220  242  327
  2
  150  272
  7
  48  54  85  114  215  319  396
  2
  102  401
  4
  150  190  372  391
  6
  1  17  54  81  192  330
  10
  92  149  153  200  221  435  470  474  481  495
  5
  33  221  278  415  418
  8
  23  102  142  144  159  186  383  438
  4
  48  96  232  373
  10
  45  93  107  115  140  215  337  446  471  475
  9
  37  66  73  164  189  247  249  415  498
  6
  7  49  219  310  337  386
  2
  282  300
  5
  43  166  218  388  390
  2
  108  389
  5
  32  153  167  213  393
  3
  27  33  218
  4
  48  222  348  454
  6
  34  58  144  266  302  409
  7
  171  191  273  283  389  417  480
  6
  151  180  235  328  372  495
  4
  52  158  264  403
  6
  5  49  111  168  212  228
  3
  243  246  430
  6
  119  260  296  382  422  461
  8
  47  85  239  246  259  340  424  487
  9
  6  96  174  231  257  317  429  465  474
  7
  269  284  363  380  465  481  489
  6
  83  106  124  169  190  246
  7
  29  106  191  203  325  397  479
  2
  107  151
  9
  16  146  191  229  242  358  366  416  421
  9
  35  96  156  185  235  359  423  446  465
  3
  45  375  402
  4
  189  218  321  432
  10
  2  96  217  236  320  324  350  449  478  497
  9
  3  121  182  266  308  412  418  450  464
  4
  101  297  438  487
  2
  91  337
  3
  229  419  481
  3
  283  305  330
  2
  88  425
  10
  11  20  99  110  135  313  357  359  371  404
  5
  34  183  257  296  386
  3
  151  226  381
  5
  66  225  228  434  438
  6
  53  67  226  327  376  492
  2
  161  393
  8
  51  182  201  278  292  336  404  480
  2
  297  378
  5
  45  164  260  421  435
  10
  47  67  109  139  214  249  404  413  423  433
  9
  28  40  122  147  242  258  331  466  489
  5
  86  167  260  325  348
  6
  115  178  227  273  280  479
  4
  132  255  395  462
  2
  374  399
  10
  15  36  57  69  158  159  400  406  433  485
  6
  9  47  206  225  321  342
  4
  98  207  238  462
  3
  29  299  457
  6
  61  137  261  409  454  460
  3
  221  297  308
  10
  27  51  60  77  98  177  189  227  321  401
  6
  8  81  97  225  272  339
  3
  3  81  381
  2
  419  460
  2
  47  239
  7
  20  99  114  115  201  425  446
  9
  56  117  205  265  281  286  288  316  396
  5
  60  118  149  376  482
  3
  20  192  234
  4
  233  263  424  443
  8
  12  31  161  188  266  282  347  376
  9
  11  41  65  123  145  209  265  326  362
  4
  267  285  449  471
  7
  54  88  94  317  372  410  484
  7
  6  143  292  302  409  440  474
  5
  1  16  55  135  326
  7
  53  64  86  228  300  326  464
  2
  309  350
  9
  16  128  155  276  280  335  344  359  473
  9
  16  57  274  286  312  323  398  406  482
  4
  3  59  138  281
  7
  105  119  182  239  262  265  324
  9
  99  144  158  197  231  285  308  421  440
  5
  104  106  113  206  294
  2
  19  184
  2
  238  362
  9
  25  71  154  221  225  249  305  311  354
  6
  27  99  250  262  281  416
  7
  46  246  269  313  346  368  395
  10
  66  75  169  221  241  299  342  368  427  486
  9
  19  33  321  361  379  387  432  475  495
  2
  111  215
  8
  33  60  73  94  156  295  302  317
  9
  5  71  144  225  256  426  441  454  455
  2
  249  463
  5
  158  236  332  475  485
  9
  14  31  103  147  267  357  368  406  455
  2
  382  454
  7
  13  19  257  288  304  343  395
  8
  22  120  139  262  353  355  373  449
  5
  69  84  110  163  349
  8
  169  191  203  227  231  256  330  498
  3
  262  319  471
  5
  154  169  337  350  471
  5
  100  246  273  439  449
  6
  97  183  251  362  382  496
  3
  45  125  371
  2
  22  283
  4
  302  350  376  491
  3
  45  289  325
  3
  118  279  433
  9
  23  126  140  190  227  246  265  347  355
  4
  216  252  345  391
  9
  64  85  96  193  252  261  263  403  441
  8
  13  44  189  224  282  310  452  464
  9
  12  164  237  241  270  272  274  440  494
  8
  92  189  199  249  271  275  300  373
  9
  39  64  78  105  153  233  286  291  315
  4
  8  208  226  497
  8
  53  102  149  192  292  344  405  441
  3
  84  339  421
  6
  195  221  346  373  418  420
  8
  15  178  231  313  410  416  461  500
  3
  25  286  474
  8
  7  15  183  252  256  334  353  453
  10
  3  39  42  231  257  336  378  424  491  499
  2
  107  219
  4
  39  136  336  339
  9
  143  209  252  370  414  436  438  448  450
  8
  91  139  197  213  270  299  399  416
  8
  14  129  133  183  192  236  305  395
  10
  81  174  240  302  326  352  386  403  414  496
  4
  94  338  353  472
  9
  17  69  219  223  240  364  376  440  466
  7
  138  145  156  210  254  271  279
  5
  76  77  150  161  347
  2
  386  424
  7
  36  78  103  118  197  241  255
  9
  71  107  137  268  359  396  447  475  477
  9
  20  49  118  233  251  278  370  431  500
  6
  49  169  177  234  310  460
  6
  2  122  135  233  270  369
  3
  73  200  231
  7
  99  184  217  320  384  486  489
  5
  44  155  181  188  379
  2
  185  472
  2
  46  489
  9
  21  121  178  193  200  247  254  329  489
  3
  111  463  470
  5
  261  296  324  354  421
  2
  362  466
  10
  15  43  44  51  174  183  231  439  464  475
  7
  29  57  99  244  257  258  464
  10
  64  89  90  200  214  258  259  277  319  396
  6
  53  77  102  253  278  350
  6
  187  205  272  323  355  407
  6
  69  79  262  405  465  485
  5
  103  182  206  211  276
  3
  64  406  443
  5
  73  203  226  317  341
  10
  13  47  51  218  242  252  288  386  461  470
  8
  69  157  189  285  287  340  388  465
  7
  108  121  291  298  363  364  495
  9
  136  171  189  403  447  451  463  485  491
  5
  82  216  232  343  353
  8
  34  39  116  195  260  315  377  440
  7
  73  93  107  247  292  312  459
  10
  86  141  228  260  294  307  363  374  407  499
  7
  44  121  223  316  339  377  486
  8
  186  188  193  218  238  303  316  455
  3
  259  329  399
  5
  144  307  351  383  459
  6
  101  172  215  330  400  460
  3
  139  155  213
  7
  45  159  186  195  328  464  497
  10
  28  47  105  156  319  348  429  466  485  490
  8
  24  28  54  72  107  394  443  492
  7
  41  42  47  128  140  174  352
  7
  71  120  129  202  252  426  462
  5
  77  106  187  207  380
  4
  9  228  236  363
  10
  34  40  93  110  134  282  293  364  447  461
  6
  68  97  104  264  361  416
  6
  15  162  217  267  391  392
  4
  117  184  317  437
  9
  37  99  216  283  342  415  461  463  490
  4
  12  214  432  458
  8
  10  44  210  226  302  378  387  438
  5
  57  144  398  472  499
  10
  49  110  174  243  359  367  403  405  475  476
  8
  12  55  201  207  244  302  479  489
  8
  89  105  206  326  405  420  431  482
  10
  102  166  253  281  285  438  470  482  498  499
  8
  3  15  30  86  114  173  280  458
  7
  40  61  199  309  310  339  354
  5
  59  63  128  202  461
  8
  121  129  141  201  280  291  361  385
  7
  119  134  309  321  334  386  477
  2
  154  433
  10
  13  36  64  67  182  310  386  387  388  470
  6
  18  127  159  275  348  492
  2
  54  455
  4
  198  241  268  283
  10
  21  27  93  178  205  207  280  398  430  448
  3
  125  179  400
  7
  13  70  283  312  349  421  470
  6
  21  120  203  212  312  424
  2
  20  416
  7
  96  192  221  276  351  451  467
  3
  303  452  489
  4
  43  116  315  353
  9
  16  94  172  173  192  231  256  337  369
  3
  196  343  480
  10
  115  177  281  286  296  299  351  396  418  489
  7
  1  21  71  236  263  295  314
  7
  173  233  365  397  414  423  480
  2
  181  215
  3
  89  383  471
  5
  37  110  170  331  394
  10
  21  29  58  66  85  100  250  301  440  475
  7
  16  39  279  350  391  392  491
  7
  56  112  175  224  308  388  481
  9
  22  134  169  289  299  387  426  459  494
  7
  61  152  192  240  274  297  407
  10
  51  91  117  130  134  349  376  381  479  500
  6
  83  100  130  241  320  480
  3
  36  56  213
  10
  4  114  129  135  166  286  320  369  372  484
  3
  29  222  261
  7
  68  94  103  138  167  399  483
  4
  98  157  212  253
  8
  140  142  171  275  326  374  417  482
  4
  85  338  420  498
  7
  8  55  318  338  392  415  424
  7
  12  183  264  301  326  398  405
  9
  33  174  223  236  242  360  389  477  494
  10
  77  113  135  163  210  240  275  383  388  409
  10
  36  40  54  74  113  121  254  385  396  406
  3
  339  363  401
  2
  207  393
  5
  105  123  156  387  479
  10
  12  21  237  243  260  325  327  383  438  484
  6
  71  126  230  258  329  425
  10
  6  104  130  151  169  193  204  272  320  337
  8
  55  68  84  145  153  180  186  444
  2
  13  391
  7
  165  297  351  391  406  475  500
  10
  25  44  78  123  130  201  208  251  413  450
  8
  114  168  222  304  360  363  364  451
  10
  42  58  116  151  189  217  387  406  440  490
  6
  7  220  249  283  301  348
  9
  45  73  131  196  197  312  374  387  404
  6
  38  184  274  465  474  498
  5
  120  247  286  367  388
  6
  78  118  199  263  437  478
  7
  41  150  162  358  425  430  483
  2
  101  468
  4
  47  107  417  448
  6
  156  163  243  269  428  484
  2
  254  256
  2
  218  284
  6
  1  47  65  74  132  335
  5
  137  152  359  425  450
  9
  101  164  171  222  260  347  361  369  481
  10
  4  17  28  81  99  175  355  444  488  495
  2
  162  341
  2
  142  286
  3
  379  429  497
  9
  133  146  159  260  386  388  408  436  480
  2
  174  348
  6
  32  197  316  367  456  487
  5
  115  184  276  284  342
  7
  21  23  85  188  256  272  420
  8
  200  237  254  256  294  346  390  397
  3
  196  400  484
  6
  12  43  85  389  405  428
  9
  36  225  283  366  381  408  410  430  471
  7
  43  113  189  219  222  457  491
  5
  210  273  344  435  459
  10
  20  42  70  102  167  212  214  226  394  399
  4
  13  143  378  403
  8
  62  112  114  171  205  260  296  360
  6
  61  95  108  110  248  337
  5
  150  260  274  364  393
  10
  95  123  133  138  168  217  236  250  315  449
  3
  23  62  99
  10
  6  94  111  144  167  200  325  332  433  490
  4
  157  362  397  500
  5
  64  156  229  343  490
  8
  14  27  38  75  84  173  242  338
  8
  17  23  137  159  203  205  268  400
  6
  261  327  431  448  454  499
  3
  157  168  419
  6
  161  181  400  441  450  497
  10
  120  122  127  143  258  310  331  349  451  475
  8
  21  87  90  91  94  111  187  215
  2
  3  121
  4
  177  311  355  366
  6
  28  128  398  413  423  492
  6
  155  161  239  314  378  411
  2
  28  87
  4
  104  175  203  433
  7
  14  57  141  204  227  301  462
  6
  31  224  250  286  470  485
  9
  76  86  97  123  136  273  312  331  410
  4
  15  113  180  418
  4
  43  80  267  329
  10
  24  104  105  119  152  241  311  338  444  462
  6
  33  56  149  170  217  334
  8
  138  239  290  298  351  423  427  454
  6
  93  343  376  417  421  483
  7
  138  140  230  242  304  332  474
  6
  190  261  381  383  441  483
  8
  7  56  127  170  224  327  412  454
  5
  105  240  363  454  499
  5
  147  149  279  410  454
  5
  74  127  135  356  500
  9
  105  112  134  153  208  392  403  421  464
  7
  97  131  254  303  363  366  457
  7
  46  161  231  293  357  402  458
  5
  17  20  95  135  145
  5
  88  235  238  367  467
  10
  10  11  73  101  152  312  374  417  452  487
  8
  9  64  133  145  298  317  331  438
  2
  133  183
  5
  241  305  355  395  446
  10
  30  57  84  142  201  206  225  267  376  460
  6
  134  234  302  380  428  444
  7
  37  42  61  142  189  280  451
  8
  8  38  79  140  143  179  264  359
  7
  155  163  264  360  462  477  490
  3
  27  132  207
  5
  68  125  241  484  493
  5
  2  219  231  241  439
  8
  27  159  305  313  436  451  479  498
  3
  107  399  459
  7
  13  20  127  349  392  398  457
  9
  5  26  60  96  170  216  246  277  332
  2
  191  397
  5
  35  243  312  371  498
  2
  207  386
  3
  54  222  345
  2
  137  337
  5
  175  206  246  253  375
  3
  349  353  395
  6
  82  153  350  402  477  490
  6
  2  22  314  428  489  500
  10
  10  51  126  151  169  190  252  279  304  391
  9
  49  73  241  388  416  420  470  474  499
  7
  10  256  257  375  415  435  464
  10
  30  60  143  190  208  267  336  368  453  477
  10
  134  156  159  168  212  305  337  370  398  438
  3
  276  372  413
  3
  186  275  377
  9
  13  121  123  132  269  307  444  470  495
  2
  400  419
  3
  18  115  274
  8
  143  223  232  284  378  434  449  487
  8
  38  51  62  149  293  311  324  465
  9
  4  74  246  283  323  336  346  482  486
  6
  64  73  88  145  174  324
  7
  90  116  194  273  296  388  389
  6
  152  222  313  420  437  496
  9
  66  73  187  362  402  406  434  442  469
  10
  46  51  84  122  141  156  269  298  319  434
  3
  239  295  376
  7
  65  145  150  185  192  279  340
  4
  99  244  349  375
  6
  57  72  190  313  356  398
  8
  44  62  82  110  306  378  391  459
  6
  100  275  430  449  469  472
  10
  94  101  124  207  325  353  395  396  402  423
  2
  349  383
  8
  155  218  297  358  374  386  409  450
  5
  37  250  313  362  436
  6
  3  57  174  305  309  374
  4
  193  194  241  254
  10
  36  52  71  147  159  267  305  317  377  470
  7
  13  91  268  317  329  344  384
  9
  252  277  309  314  336  344  405  462  473
  10
  25  33  41  64  84  182  191  279  357  405
  6
  126  158  193  269  274  330
  8
  7  34  39  94  202  210  211  355
  4
  14  218  223  376
  10
  5  98  105  116  182  301  370  383  397  475
  2
  139  450
  8
  70  289  333  341  400  426  442  467
  10
  72  81  140  171  190  229  272  302  364  402
  8
  30  70  77  146  152  181  279  397
  6
  34  190  216  252  272  400
  6
  189  278  328  372  386  431
  3
  27  380  392
  10
  7  30  48  143  159  172  241  307  365  433
  2
  175  346
  8
  96  125  198  199  305  354  377  440
  10
  48  85  87  108  114  221  243  275  301  347
  10
  50  108  217  240  287  388  432  449  470  482
  10
  38  130  254  265  295  323  355  376  406  407
  7
  33  190  262  308  341  373  431
  2
  46  53
  6
  7  205  289  380  391  399
  4
  92  303  458  472
  6
  148  277  385  419  433  460
  3
  181  373  450
  3
  71  425  469
  8
  157  159  213  231  327  373  436  454
  8
  50  95  102  103  122  142  453  456
  7
  11  90  211  403  428  464  486
  2
  144  462
  3
  56  304  321
  8
  4  15  104  134  289  326  386  397
  2
  164  318
  8
  14  105  134  151  164  178  225  357
  3
  85  123  251
  3
  137  400  418
  3
  252  418  476
  6
  14  170  225  301  385  427
  2
  272  484
  8
  105  325  350  351  356  378  453  482
  4
  86  152  178  231
  7
  8  18  199  221  332  412  496
  6
  89  103  125  383  388  450
  8
  68  120  171  191  246  377  398  470
  10
  9  50  86  140  217  261  418  428  442  490
  4
  151  242  256  260
  2
  269  388
  3
  8  136  380
  6
  152  179  244  296  456  472
  10
  60  139  216  289  293  304  344  349  450  478
  7
  30  242  263  348  415  486  500
  9
  10  66  118  119  170  192  232  269  340
  3
  291  350  401
  9
  18  260  274  314  372  391  395  411  462
  6
  120  135  149  216  253  368
  6
  5  52  316  319  324  384
  5
  65  125  139  239  358
  9
  47  48  104  121  224  252  331  333  482
  7
  285  305  383  406  436  491  496
  7
  28  177  195  332  365  398  427
  5
  173  379  387  452  473
  8
  67  168  244  265  279  346  495  496
  10
  64  178  246  291  303  318  365  446  463  495
  5
  30  170  192  292  382
  10
  22  84  139  395  414  418  459  462  468  478
  5
  153  205  252  324  402
  4
  28  135  406  468
  6
  2  44  60  199  386  421
  4
  1  93  218  374
  4
  112  116  154  182
  10
  50  97  157  178  292  306  325  356  430  462
  6
  57  173  359  474  480  494
  6
  266  276  292  321  457  466
  8
  104  129  135  194  281  376  418  439
  2
  47  178
  8
  7  90  113  129  160  226  364  405
  6
  58  208  264  339  399  422
  8
  146  186  280  295  299  345  384  393
  2
  119  499
  2
  298  474
  8
  22  59  249  276  283  436  440  500
  4
  161  387  471  480
  4
  99  128  439  475
  4
  236  272  337  418
  3
  76  409  436
  5
  287  305  397  433  495
  10
  27  43  83  137  167  254  257  271  272  403
  9
  141  158  214  270  283  305  330  340  371
  3
  36  385  407
  8
  79  110  150  227  229  436  441  464
  10
  82  125  129  134  204  329  359  408  437  453
  10
  4  26  87  166  217  226  245  335  359  379
  6
  13  35  86  186  398  452
  6
  7  259  335  373  474  476
  4
  179  210  319  457
  10
  23  47  82  87  162  286  377  391  418  482
  5
  14  90  118  418  449
  10
  51  67  77  120  146  275  378  488  498  499
  9
  70  156  164  203  230  308  390  449  466
  10
  21  56  138  178  180  222  298  302  410  486
  9
  20  42  103  149  304  321  344  399  419
  9
  42  96  100  119  146  315  335  389  395
  10
  31  38  54  105  129  246  336  376  450  491
  7
  64  129  139  325  430  432  443
  9
  5  16  75  109  133  214  255  269  398
  4
  162  340  469  492
  8
  38  160  247  249  405  415  448  483
  5
  49  199  426  487  488
  2
  413  450
  2
  96  232
  6
  9  30  114  237  328  431
  10
  57  108  198  277  359  379  390  440  452  482
  8
  216  231  238  298  340  373  374  398
  4
  120  162  220  253
  2
  45  308
  10
  83  99  212  234  243  248  337  358  367  461
  9
  24  123  146  216  279  290  307  393  484
  10
  61  67  136  213  410  452  453  456  484  485
  5
  33  81  260  305  355
  3
  60  85  105
  6
  72  131  235  376  438  485
  7
  80  270  337  361  433  483  489
  10
  189  197  198  270  291  334  395  440  455  499
  4
  51  250  269  480
  4
  13  47  292  438
  5
  19  108  317  404  443
  8
  9  157  256  418  428  457  463  475
  10
  96  97  98  127  259  343  359  387  485  491
  10
  23  103  126  207  249  267  279  300  337  494
  3
  182  244  438
  10
  14  62  92  117  157  323  329  333  350  454
  10
  4  25  35  110  185  202  211  250  416  458
  3
  119  245  268
  3
  168  229  392
  9
  95  139  144  182  232  233  391  429  488
  8
  26  39  240  258  293  311  471  497
  5
  43  173  176  422  488
  4
  72  140  358  430
  6
  35  184  225  299  315  493
  6
  92  100  288  291  402  432
  8
  118  216  279  322  348  350  363  488
  2
  365  495
  9
  52  118  183  246  269  277  383  416  440
  3
  43  58  110
  4
  96  166  327  486
  7
  35  47  237  309  319  342  447
  10
  44  198  210  253  284  313  332  333  365  481
  3
  4  198  239
  5
  45  143  226  234  494
  8
  88  129  152  259  277  334  413  461
  3
  52  229  251
  3
  170  215  230
  2
  15  398
  9
  74  82  125  158  231  308  416  424  426
  10
  86  93  175  196  204  229  313  324  337  413
  5
  55  58  155  247  466
  9
  27  71  86  87  294  347  419  438  482
  4
  29  213  326  353
  5
  129  141  307  450  498
  5
  119  408  431  477  485
  5
  106  159  289  332  481
  4
  15  321  373  456
  8
  85  202  343  391  402  424  482  498
  9
  8  114  155  329  344  425  443  445  461
  2
  153  281
  6
  5  230  253  400  410  499
  5
  108  148  248  367  409
  9
  7  106  197  210  219  270  335  435  467
  5
  184  202  213  287  295
  5
  15  132  150  167  485
  9
  72  136  154  162  171  188  232  237  238
  2
  318  413
  8
  7  80  91  121  239  320  427  431
  10
  87  100  106  153  238  272  299  349  399  479
  3
  153  382  500
  5
  164  295  304  378  392
  4
  186  196  295  497
  8
  148  170  248  251  398  400  449  483
  8
  53  86  141  144  310  311  356  431
  8
  78  117  233  290  363  424  457  461
  4
  122  206  340  490
  5
  37  237  413  418  469
  5
  27  87  432  447  457
  7
  115  219  240  345  357  382  434
  7
  73  176  189  317  358  382  386
  10
  23  101  107  174  308  349  362  363  380  455
  10
  1  113  219  247  254  256  279  293  388  403
  3
  93  230  350
  7
  104  205  244  310  325  326  332
  9
  29  78  94  165  204  239  251  351  388
  5
  26  91  349  410  470
  3
  58  118  474
  9
  78  98  137  144  340  369  425  481  492
  7
  27  105  133  171  198  230  379
  2
  104  105
  8
  93  111  173  248  271  283  292  315
  7
  33  263  301  335  379  387  463
  5
  143  167  288  293  460
  8
  29  44  77  99  291  440  476  478
  7
  77  133  162  179  291  316  409
  2
  38  212
  5
  39  138  157  277  302
  2
  105  444
  3
  100  393  452
  3
  234  379  411
  2
  65  363
  4
  85  180  234  244
  10
  99  110  140  211  273  379  390  448  457  467
  10
  2  47  79  166  171  197  324  376  464  467
  7
  116  160  201  211  251  385  395
  6
  104  157  308  322  433  488
  3
  226  231  427
  3
  1  192  276
  4
  157  162  284  330
  8
  86  144  173  254  309  317  392  446
  5
  89  94  126  173  378
  2
  34  262
  10
  26  143  158  197  257  258  285  298  343  412
  10
  2  79  126  188  192  224  311  356  387  428
  2
  125  142
  2
  239  414
  10
  40  135  210  266  330  351  421  432  434  469
  10
  39  56  68  127  262  302  305  384  479  500
  9
  11  144  160  307  373  376  381  441  474
  10
  8  63  113  154  309  375  411  424  487  491
  4
  3  38  146  380
  10
  70  130  219  251  282  288  329  346  350  353
  4
  141  202  209  377
  4
  26  188  298  386
  10
  48  56  141  155  213  226  274  336  375  440
  8
  112  165  168  184  271  290  370  495
  3
  20  268  438
  5
  90  178  242  250  480
  9
  116  157  159  233  256  322  346  367  409
  10
  7  8  53  74  147  178  384  436  439  498
  6
  25  29  299  318  404  422
  5
  90  308  334  430  474
  8
  33  52  77  124  200  319  412  449
  6
  55  140  145  224  231  321
  5
  77  161  227  376  426
  4
  132  374  380  396
  5
  65  97  326  404  479
  2
  128  433
  2
  309  451
  2
  145  425
  5
  44  94  195  322  337
  6
  32  68  177  225  266  385
  7
  6  8  12  26  85  96  236
  10
  154  155  168  319  331  359  372  425  486  496
  2
  177  286
  7
  67  99  126  185  214  315  469
  3
  95  198  444
  3
  104  175  350
  9
  62  68  80  159  172  183  371  408  453
  8
  8  112  221  278  355  413  439  481
  10
  1  97  108  111  125  208  214  386  471  494
  8
  31  90  108  143  149  355  374  427
  5
  185  347  350  359  401
  5
  46  170  360  378  382
  4
  5  243  387  390
  9
  25  56  63  83  104  201  208  238  439
  4
  15  51  224  380
  5
  68  303  323  400  427
  9
  23  29  59  255  281  462  479  481  483
  4
  111  232  237  259
  6
  36  39  115  279  291  489
  8
  9  105  154  245  336  418  474  493
  3
  265  322  459
  8
  9  11  102  111  134  236  331  353
  8
  21  35  67  155  209  228  281  477
  2
  24  499
  4
  136  334  350  484
  9
  77  140  172  179  274  323  399  464  476
  2
  122  242
  9
  57  102  109  124  132  275  277  329  343
  10
  41  52  55  156  185  280  368  372  455  475
  8
  12  20  44  114  349  434  444  485
  3
  25  84  432
  8
  213  270  281  312  321  359  426  440
  3
  62  136  339
  7
  1  36  180  184  205  269  425
  3
  72  176  218
  8
  7  24  59  216  251  387  435  468
  10
  1  100  182  229  250  307  378  405  425  465
  9
  38  122  136  145  284  368  446  461  498
  9
  11  82  173  202  307  309  358  388  474
  3
  70  249  440
  9
  31  67  103  124  170  202  207  307  440
  9
  97  312  330  352  367  373  377  474  494
  8
  45  117  225  373  439  462  479  484
  5
  243  353  363  414  468
  8
  13  78  107  147  202  341  348  405
  5
  30  58  192  250  294
  5
  7  78  313  381  408
  6
  15  43  50  143  333  353
  6
  6  188  306  342  395  433
  7
  48  68  209  230  251  345  359
  3
  48  75  84
  2
  50  145
  3
  272  376  486
  8
  103  116  122  148  212  289  377  483
  7
  8  66  129  292  379  422  478
  2
  362  463
  7
  14  83  189  208  369  399  446
  7
  26  48  174  193  248  397  406
  6
  8  143  167  351  363  412
  5
  119  158  161  337  363
  8
  27  71  157  161  177  257  448  497
  7
  9  154  160  195  304  382  464
  6
  24  31  44  98  441  484
  7
  2  4  29  154  314  375  474
  7
  169  210  250  302  451  458  467
  9
  9  57  117  187  303  307  313  334  439
  8
  19  174  224  252  268  270  282  337
  3
  187  211  385
  6
  80  216  241  283  374  386
  2
  139  447
  6
  15  17  82  173  185  198
  5
  48  70  90  126  282
  6
  181  193  295  300  448  477
  10
  70  140  198  275  323  330  344  348  370  447
  8
  77  99  117  131  152  189  378  414
  5
  116  154  221  265  400
  8
  24  59  82  134  147  224  274  428
  5
  23  116  341  382  439
  3
  248  379  395
  2
  179  293
  10
  13  43  65  87  142  165  234  341  398  493
  10
  51  88  120  157  165  199  301  409  434  495
  10
  16  197  309  343  346  351  417  423  460  471
  10
  24  63  65  74  215  221  281  287  336  397
  8
  96  139  216  237  269  279  404  421
  6
  154  166  175  210  227  406
  10
  5  19  44  83  100  123  141  236  324  461
  7
  2  9  57  233  402  457  494
  8
  138  144  242  265  380  429  463  498
  4
  90  185  411  482
  7
  3  9  71  179  251  463  494
  5
  3  85  106  124  148
  10
  53  92  100  117  146  230  284  291  381  490
  2
  83  397
  9
  80  140  300  349  402  427  442  468  472
  5
  29  235  369  447  500
  5
  30  45  84  110  382
  4
  8  129  343  405
  2
  98  151
  2
  102  438
  6
  79  172  212  293  300  374
  6
  133  154  264  289  370  428
  10
  11  60  73  142  251  280  301  318  329  499
  5
  88  137  242  249  500
  7
  10  128  255  293  361  378  388
  5
  48  90  191  213  216
  2
  249  252
  4
  55  257  358  483
  7
  41  61  256  271  316  384  453
  5
  37  157  335  358  391
  5
  13  15  198  400  482
  2
  84  344
  3
  210  405  433
  4
  101  129  375  466
  6
  160  220  279  288  327  343
  7
  104  158  192  250  262  296  371
  7
  32  57  60  188  291  306  346
  2
  119  139
  10
  75  293  317  322  368  373  414  437  468  477
  10
  17  86  166  314  354  355  358  361  374  483
  10
  27  74  145  157  215  233  264  419  466  488
  3
  78  120  167
  7
  53  225  253  261  309  436  465
  10
  58  88  95  254  276  341  346  350  389  490
  6
  81  82  270  401  413  471
  9
  53  57  107  200  269  276  322  329  471
  4
  184  307  449  484
  8
  1  53  100  177  256  285  315  454
  7
  43  83  110  258  276  301  345
  10
  24  35  113  244  353  418  479  488  490  493
  6
  42  94  102  245  309  310
  7
  39  67  121  242  266  363  476
  2
  136  390
  7
  114  115  228  391  398  402  457
  8
  116  181  185  364  368  375  455  487
  3
  257  365  418
  6
  124  210  249  266  393  419
  4
  34  231  297  480
  5
  109  304  324  469  488
  7
  18  20  89  96  372  389  445
  3
  222  346  364
  10
  24  87  153  178  236  255  267  331  390  466
  10
  184  211  224  250  258  324  345  355  377  464
  7
  29  33  53  94  123  370  398
  2
  276  410
  6
  9  26  224  277  330  433
  10
  75  132  141  163  240  314  365  366  415  493
  7
  60  177  214  218  251  285  288
  10
  13  27  43  159  263  306  307  392  445  491
  3
  59  74  443
  8
  43  98  130  200  228  398  422  482
  3
  65  211  254
  6
  34  50  56  139  142  491
  4
  4  98  153  231
  8
  2  227  356  366  375  421  470  481
  9
  39  52  142  207  250  279  339  361  475
  4
  8  276  329  371
  6
  49  191  238  311  390  482
  8
  17  185  205  224  296  297  312  462
  3
  25  30  38
  2
  191  314
  4
  21  97  107  307
  8
  93  190  240  309  379  394  417  465
  4
  77  201  318  486
  2
  42  146
  8
  26  50  57  145  151  225  259  273
  5
  87  126  134  358  371
  7
  161  252  276  306  319  333  388
  7
  28  33  232  252  276  399  403
  3
  249  284  291
  8
  166  188  232  304  327  344  384  413
  3
  177  261  292
  4
  240  338  489  500
  5
  142  225  246  293  375
  10
  112  235  247  346  403  421  430  468  474  482
  7
  33  54  226  281  354  357  493
  9
  101  245  372  417  422  429  439  451  478
  8
  22  115  140  168  194  209  335  451
  5
  64  65  128  159  296
  7
  18  110  255  256  280  313  391
  3
  15  27  317
  3
  256  452  468
  3
  26  242  478
  7
  48  73  152  180  217  276  485
  7
  143  237  292  311  330  388  402
  6
  170  193  256  317  319  326
  5
  100  196  272  394  468
  9
  20  75  155  192  201  312  429  450  477
  8
  16  36  94  110  156  177  217  256
  7
  29  181  193  218  301  378  412
  9
  30  57  130  135  191  229  314  384  420
  2
  251  453
  6
  102  119  127  248  425  478
  3
  327  370  444
  9
  3  89  142  171  202  214  217  249  292
  3
  23  110  309
  2
  46  395
  5
  75  175  362  401  421
  8
  7  361  367  399  401  404  408  471
  9
  1  146  188  292  341  347  387  417  471
  5
  257  278  337  370  403
  2
  132  344
  4
  100  154  306  354
  5
  259  281  328  444  463
  7
  88  94  103  139  146  423  478
  9
  96  191  215  240  274  299  361  363  395
  9
  30  159  212  236  367  375  396  411  430
  7
  15  106  257  271  322  351  500
  9
  12  108  162  188  218  240  310  323  352
  4
  197  312  345  461
  5
  54  76  77  295  366
  3
  164  177  235
  3
  216  258  312
  7
  10  258  279  426  439  458  473
  2
  13  327
  5
  129  185  279  440  470
  9
  119  121  213  258  301  325  362  431  452
  4
  27  89  265  499
  4
  200  311  335  341
  8
  103  104  129  164  190  227  346  396
  4
  231  244  281  308
  3
  7  214  225
  10
  2  125  156  281  337  342  365  386  387  408
  5
  162  283  284  333  340
  6
  192  211  237  243  371  443
  3
  236  288  400
  4
  171  191  352  389
  7
  19  28  220  240  287  370  418
  6
  84  215  217  233  256  311
  8
  18  126  226  328  404  406  419  493
  10
  71  125  141  155  229  394  413  460  462  469
  5
  60  95  305  438  474
  3
  94  303  360
  10
  13  30  93  184  212  251  272  352  407  481
  8
  8  46  180  199  294  375  385  397
  7
  200  207  302  371  400  433  493
  5
  137  164  201  346  397
  10
  3  113  127  133  315  351  376  383  404  461
  6
  64  93  197  300  339  497
  6
  11  34  187  325  372  500
  9
  27  34  67  94  343  384  456  468  489
  6
  73  134  147  163  345  494
  8
  76  141  241  251  329  387  396  409
  10
  63  72  101  218  326  347  354  382  390  401
  7
  24  87  107  274  290  303  305
  9
  15  129  132  181  257  271  323  414  433
  6
  12  69  140  253  256  437
  8
  72  189  241  283  300  374  439  496
  10
  4  204  208  248  279  308  311  385  397  410
  10
  58  73  185  269  289  305  358  385  397  450
  9
  17  40  91  139  143  149  196  279  347
  4
  99  206  299  471
  6
  5  98  169  387  405  446
  2
  100  481
  5
  67  256  301  370  424
  2
  289  450
  10
  34  53  163  276  282  327  369  405  470  490
  7
  32  53  112  273  299  356  490
  5
  213  306  357  375  390
  9
  171  198  217  261  326  374  426  470  472
  8
  100  128  130  277  314  371  442  485
  9
  54  167  210  280  385  427  439  461  471
  5
  44  242  262  340  449
  8
  108  109  133  139  151  265  407  458
  5
  6  195  309  330  478
  8
  2  6  39  175  196  269  375  483
  7
  1  4  111  203  242  317  333
  9
  43  106  196  206  302  318  371  376  473
  8
  172  247  274  331  396  407  442  498
  10
  20  33  75  102  200  294  341  344  416  476
  5
  170  175  196  223  363
  7
  29  43  54  265  339  357  435
  5
  131  161  216  287  428
  3
  30  116  335
  8
  7  112  121  179  280  391  405  411
  3
  92  171  199
  9
  13  79  128  136  231  274  311  334  427
  5
  44  86  109  264  453
  9
  112  161  209  237  252  299  385  407  471
  8
  10  173  180  219  254  326  393  445
  9
  1  61  132  187  232  349  373  485  499
  5
  7  141  226  260  362
  5
  14  65  142  432  464
  7
  92  99  122  169  204  226  331
  5
  41  50  245  275  450
  2
  99  495
  7
  45  103  167  170  201  303  393
  2
  12  301
  10
  7  119  206  273  276  282  319  434  439  498
  7
  2  66  133  134  166  326  367
  10
  48  153  216  302  328  372  426  436  467  473
  9
  11  44  148  149  228  311  355  413  498
  8
  1  78  121  260  261  281  341  348
  9
  55  82  188  207  271  323  394  424  453
  3
  251  290  328
  5
  154  326  477  487  489
  2
  392  396
  5
  33  122  199  483  500
  6
  2  204  269  319  346  392
  4
  25  57  430  448
  8
  25  76  157  221  233  298  371  482
  4
  23  372  386  445
  3
  40  114  119
  3
  31  86  297
  6
  23  41  89  181  194  449
  10
  5  16  79  110  126  165  235  245  247  408
  10
  51  120  206  266  298  320  351  369  393  497
  9
  12  35  43  62  67  157  228  259  440
  4
  120  124  204  287
  9
  12  105  160  207  228  307  380  414  424
  9
  27  73  157  311  389  404  410  446  461
  8
  50  63  105  196  250  256  284  356
  6
  213  295  339  395  404  463
  4
  152  187  197  396
  2
  414  464
  4
  100  181  225  480
  3
  47  262  301
  3
  137  193  273
  4
  135  223  260  352
  4
  262  286  435  480
  9
  33  89  123  136  141  205  350  355  365
  5
  132  227  273  407  446
  4
  136  172  176  342
  5
  100  157  196  258  325
  7
  33  165  193  380  477  492  495
  2
  330  388
  5
  104  144  328  363  418
  5
  60  162  191  390  491
  2
  237  479
  9
  47  72  105  193  196  286  352  487  490
  7
  104  199  273  365  439  471  484
  10
  54  60  149  199  219  226  256  287  455  468
  9
  150  171  229  233  282  323  339  477  481
  10
  47  95  128  155  163  169  183  231  350  371
  2
  242  376
  3
  65  333  422
  5
  48  55  66  120  366
  2
  81  174
  9
  123  144  159  261  276  290  393  434  460
  5
  68  112  147  464  468
  10
  3  56  82  86  138  226  290  378  430  473
  5
  60  222  282  300  354
  10
  21  155  162  209  253  316  326  371  467  496
  5
  92  236  371  383  468
  2
  36  325
  3
  41  54  226
  7
  47  205  287  380  445  473  486
  3
  186  338  395
  10
  2  83  221  239  251  288  304  400  437  450
  10
  33  238  247  273  293  330  355  398  434  448
  4
  24  87  162  485
  6
  44  73  82  85  217  415
  10
  12  37  107  108  161  210  219  331  395  451
  8
  38  226  238  264  316  406  434  465
  3
  78  117  425
  10
  12  23  54  138  156  191  235  293  404  457
  5
  14  429  438  469  500
  6
  118  251  298  404  408  482
  10
  31  164  205  270  296  306  328  446  453  479
  2
  94  263
  4
  59  269  376  410
  5
  72  160  297  392  394
  7
  3  9  55  103  287  301  446
  9
  15  19  129  167  313  346  391  427  488
  3
  14  170  463
  7
  9  66  113  242  288  372  394
  8
  13  128  228  253  320  374  404  478
  5
  135  263  269  273  413
  8
  10  96  208  243  288  325  346  360
  8
  183  259  286  302  307  322  389  447
  6
  83  170  179  181  271  415
  4
  200  263  334  451
  10
  17  257  271  296  332  375  418  451  474  495
  5
  100  128  133  210  444
  10
  1  71  106  213  303  315  381  386  410  417
  9
  18  113  126  130  264  269  371  424  468
  4
  32  343  361  447
  8
  23  151  287  305  311  342  399  458
  8
  110  117  143  162  231  429  459  476
  8
  205  208  220  274  304  340  443  446
  9
  16  67  121  123  240  248  357  412  441
  8
  1  8  114  155  243  328  368  401
  7
  7  56  121  346  372  402  456
  5
  113  271  365  371  411
  5
  154  322  391  392  487
  7
  4  21  59  119  201  243  455
  9
  57  111  239  242  276  310  360  367  422
  7
  22  75  142  323  347  420  486
  5
  42  278  319  467  468
  6
  64  217  238  269  368  387
  5
  1  52  112  268  352
  4
  89  229  267  393
  3
  31  209  272
  8
  61  195  203  225  256  314  410  472
  4
  101  160  190  409
  2
  49  209
  10
  15  38  41  65  151  184  186  277  364  437
  8
  10  75  211  278  286  302  326  364
  8
  26  100  232  288  336  365  461  467
  10
  79  125  152  187  189  305  365  376  380  429
  3
  19  39  468
  8
  11  13  121  265  320  355  413  440
  10
  25  50  86  99  209  347  349  357  391  476
  3
  91  257  461
  2
  412  460
  9
  8  12  22  134  149  200  366  432  459
  9
  34  83  96  99  108  143  164  377  409
  2
  370  461
  7
  42  128  197  230  340  363  480
  7
  49  149  206  257  258  293  485
  7
  58  64  195  412  462  487  495
  9
  9  81  217  251  268  390  410  434  491
  4
  173  360  406  434
  7
  30  69  87  125  191  474  490
  6
  10  54  58  270  347  400
  6
  42  89  95  117  356  363
  3
  28  70  463
  9
  145  185  203  205  269  395  459  470  486
  10
  77  134  147  227  235  398  427  442  457  464
  4
  94  271  370  444
  3
  52  161  490
  8
  28  135  215  228  331  368  465  483
  3
  413  454  495
  2
  231  403
  5
  49  90  98  159  459
  9
  25  32  166  226  238  279  291  405  432
  5
  65  136  297  433  494
  5
  37  224  248  358  459
  7
  24  169  243  263  320  350  478
  9
  37  87  114  168  276  330  374  394  405
  9
  90  96  101  116  281  291  301  387  389
  2
  273  469
  10
  6  111  130  152  159  344  419  449  468  475
  3
  70  135  283
  7
  22  24  93  258  271  323  455
  6
  6  42  130  329  370  408
  10
  9  103  242  244  311  369  372  380  427  431
  2
  160  402
  3
  115  375  454
  2
  29  305
  10
  52  204  226  276  299  323  348  399  483  484
  7
  169  302  416  422  452  472  487
  3
  67  299  458
  6
  183  274  300  350  431  463
  6
  142  176  257  353  477  488
  2
  117  379
  8
  7  8  23  27  31  171  303  453
  8
  1  72  86  104  256  258  396  432
  3
  170  344  419
  9
  120  163  194  201  215  255  352  365  382
  2
  321  420
  5
  11  247  341  351  488
  10
  16  30  293  298  313  319  413  431  447  456
  5
  154  273  346  452  471
  4
  79  196  376  419
  4
  231  314  354  413
  9
  9  52  147  314  320  421  451  480  495
  2
  317  341
  2
  114  495
  10
  51  73  79  218  237  270  378  439  489  496
  9
  53  78  84  150  160  183  263  327  369
  2
  139  322
  7
  42  152  173  294  344  367  392
  4
  67  69  254  276
  4
  200  218  393  461
  8
  38  107  110  232  255  286  315  497
  9
  16  85  164  216  241  257  298  424  488
  8
  139  141  159  258  318  347  395  453
  3
  116  309  351
  8
  241  267  273  289  291  341  349  397
  8
  32  127  177  189  207  382  395  470
  9
  23  42  46  61  73  85  144  302  333
  2
  21  27
  4
  72  145  204  467
  5
  46  182  328  353  365
  8
  37  72  88  155  185  200  457  483
  8
  96  177  251  288  319  377  424  498
  4
  43  58  224  236
  9
  45  135  140  159  259  288  316  393  456
  6
  33  85  240  382  442  481
  6
  3  103  211  347  371  454
  10
  49  79  80  84  102  171  180  303  432  436
  2
  300  478
  6
  62  104  149  436  457  498
  4
  25  352  397  462
  3
  20  27  199
  7
  60  160  192  279  338  457  470
  10
  8  39  95  98  154  240  381  400  415  481
  6
  47  295  332  414  463  468
  7
  42  129  188  212  316  430  463
  10
  7  29  56  96  109  112  149  241  313  425
  2
  320  416
  2
  71  259
  2
  312  443
  9
  40  50  76  83  213  276  277  334  380
  7
  160  222  233  239  242  304  416
  6
  17  53  110  191  286  467
  10
  2  15  52  121  140  184  272  286  385  482
  6
  186  238  363  443  477  486
  4
  62  76  329  494
  5
  164  226  253  340  430
  8
  174  278  293  359  366  394  432  463
  7
  44  62  64  289  300  339  434
  6
  3  14  73  308  412  440
  5
  206  313  333  408  454
  10
  36  139  190  212  272  281  403  418  472  493
  4
  245  272  275  277
  4
  94  275  362  404
  10
  40  71  120  144  187  291  342  386  484  495
  8
  19  31  63  156  198  226  246  320
  4
  213  339  430  477
  2
  45  316
  5
  205  255  347  392  411
  10
  2  10  55  214  274  289  344  400  430  475
  6
  210  251  298  373  471  490
  5
  24  99  251  277  402
  9
  154  161  190  202  211  214  295  398  454
  8
  85  143  146  223  241  294  375  398
  5
  40  224  232  315  319
  6
  100  129  168  286  300  387
  2
  178  469
  9
  85  96  120  128  167  170  267  443  492
  9
  47  66  143  202  261  285  290  344  442
  7
  57  108  322  422  431  482  492
  5
  43  107  193  403  479
  9
  47  199  248  251  275  289  377  405  445
  5
  223  297  353  422  461
  2
  189  208
  5
  25  270  282  361  478
  10
  145  189  192  215  227  232  278  349  401  450
  6
  6  108  299  305  376  457
  7
  133  164  319  361  367  379  460
  3
  30  55  237
  8
  92  120  162  176  183  209  321  356
  9
  142  211  261  291  382  445  451  460  466
  4
  176  228  271  438
  2
  172  457
  5
  301  317  365  475  483
  2
  50  101
  8
  52  60  204  278  280  320  430  441
  7
  21  53  77  113  215  295  461
  6
  22  106  173  235  254  346
  5
  102  146  186  233  256
  10
  100  231  285  316  377  378  399  414  431  491
  4
  139  152  265  425
  6
  222  226  302  321  411  480
  2
  152  181
  4
  176  219  390  481
  3
  47  186  249
  9
  84  321  322  341  352  396  402  422  456
  9
  31  106  153  200  203  271  273  289  367
  8
  121  210  222  251  336  431  478  500
  8
  90  132  197  253  290  319  425  484
  7
  80  291  308  373  441  446  483
  6
  1  33  73  240  323  435
  8
  160  168  238  362  365  386  466  478
  9
  46  96  159  237  303  320  370  434  499
  10
  82  103  108  251  260  266  290  316  347  433
  5
  21  42  199  443  483
  5
  70  115  224  232  469
  9
  18  35  75  129  148  261  278  405  498
  3
  140  217  303
  6
  45  116  138  193  197  371
  10
  41  61  168  355  359  373  419  430  431  454
  3
  178  348  450
  9
  36  44  63  92  117  163  269  376  443
  10
  4  75  99  143  167  251  356  382  420  455
  7
  64  157  185  221  338  401  412
  6
  64  77  140  303  369  426
  8
  130  142  181  209  215  230  372  488
  5
  96  182  185  399  444
  3
  212  309  399
  5
  14  28  67  173  184
  6
  94  125  264  396  465  481
  2
  168  341
  8
  74  210  227  311  451  454  462  468
  2
  115  125
  4
  7  81  219  275
  2
  221  409
  4
  187  287  411  444
  3
  349  458  475
  8
  4  98  142  188  223  246  402  461
  3
  118  321  426
  7
  13  35  113  238  253  338  418
  6
  27  101  210  272  286  457
  9
  99  108  182  211  217  261  315  322  414
  5
  123  306  350  361  461
  3
  235  297  395
  5
  119  170  228  229  359
  2
  141  149
  5
  21  66  266  412  421
  9
  8  45  129  148  330  430  448  456  494
  5
  24  136  151  166  493
  7
  191  209  229  247  253  356  427
  4
  99  187  188  324
  7
  68  110  207  263  275  432  456
  5
  28  103  162  276  478
  2
  98  459
  10
  33  64  133  146  393  407  444  455  486  498
  9
  1  69  147  182  248  292  306  340  361
  3
  136  232  410
  8
  35  112  180  271  286  300  399  490
  2
  31  98
  4
  152  166  341  482
  4
  7  94  160  359
  9
  51  100  144  263  276  342  369  393  457
  3
  70  268  287
  2
  208  405
  5
  74  148  160  172  302
  8
  52  65  84  215  243  323  346  366
  4
  124  300  377  426
  4
  60  135  170  218
  9
  45  181  248  266  283  370  441  489  493
  9
  9  58  109  121  189  271  310  316  361
  8
  12  17  170  203  210  220  426  485
  2
  366  416
  9
  7  28  114  137  188  213  264  438  439
  8
  53  57  195  197  243  262  263  267
  6
  129  238  250  274  343  450
  10
  7  12  107  188  277  317  335  340  438  481
  9
  93  189  204  226  370  439  443  453  461
  8
  158  289  298  364  427  452  464  480
  3
  149  205  300
  2
  368  491
  7
  154  326  336  344  425  435  448
  10
  2  82  96  118  143  196  229  232  380  466
  8
  24  80  136  322  376  418  453  494
  2
  8  152
  10
  46  117  145  216  269  308  332  383  411  440
  6
  126  230  256  305  436  469
  7
  18  33  104  123  244  274  313
  10
  33  47  132  138  143  238  241  283  309  333
  6
  61  92  173  210  272  394
  9
  37  74  89  185  186  189  230  371  478
  4
  37  246  292  483
  4
  13  182  189  277
  3
  102  184  490
  4
  88  277  303  388
  8
  95  162  181  275  310  410  479  481
  3
  100  306  495
  10
  11  17  243  274  281  316  341  361  442  454
  4
  133  180  287  471
  7
  61  69  138  156  249  337  493
  7
  5  35  94  180  210  301  406
  6
  3  137  337  344  427  470
  6
  154  188  241  311  354  381
  2
  169  492
  8
  53  87  163  174  245  352  430  467
  8
  24  48  111  251  255  275  336  387
  7
  60  74  178  233  313  418  446
  3
  357  380  485
  2
  311  404
  6
  336  375  409  462  464  465
  4
  2  23  102  189
  10
  64  99  134  177  188  244  368  386  397  495
  8
  35  36  109  161  323  326  337  486
  10
  13  93  159  178  280  312  372  425  453  481
  3
  86  219  487
  9
  17  38  263  280  316  378  382  422  469
  2
  286  486
  9
  99  147  152  191  260  339  465  472  476
  2
  386  455
  6
  15  185  195  244  289  347
  9
  249  253  319  384  439  446  449  481  497
  9
  88  154  160  181  300  329  392  412  456
  4
  261  324  340  361
  4
  151  206  288  445
  4
  57  76  292  488
  10
  137  162  167  216  231  267  326  395  469  470
  9
  2  85  106  120  126  139  179  182  347
  3
  159  237  458
  2
  113  190
  10
  6  17  202  312  327  342  384  422  471  492
  5
  14  31  36  111  388
  2
  35  330
  10
  13  39  43  104  126  185  272  352  414  461
  6
  12  234  318  355  484  489
  2
  200  491
  5
  108  163  217  345  388
  10
  127  159  161  162  240  274  288  333  408  428
  8
  72  100  168  190  226  254  409  451
  2
  164  364
  8
  155  205  289  293  318  321  366  393
  10
  39  49  71  164  218  290  312  360  430  478
  4
  5  191  384  488
  3
  207  378  407
  10
  50  80  84  93  119  164  210  298  441  450
  8
  49  136  186  199  243  276  418  428
  9
  21  104  120  140  306  350  382  454  480
  7
  5  169  183  286  417  430  470
  6
  139  196  291  413  437  462
  7
  12  23  113  153  196  255  362
  7
  30  41  56  102  294  372  449
  2
  114  133
  7
  27  30  72  199  275  374  463
  3
  265  337  422
  9
  29  35  142  168  216  230  345  368  467
  6
  14  188  233  354  396  432
  2
  139  388
  5
  45  57  213  218  305
  5
  82  150  220  224  361
  5
  113  121  257  461  483
  4
  87  145  202  237
  7
  69  72  263  266  381  383  441
  7
  95  166  188  210  315  389  397
  5
  107  185  239  329  390
  6
  95  121  139  191  420  454
  2
  426  480
  6
  113  135  153  283  376  498
  9
  45  77  220  227  350  375  395  420  485
  8
  82  120  194  219  296  468  481  489
  10
  55  86  142  183  219  243  285  399  436  490
  9
  7  130  133  155  219  262  302  306  449
  5
  34  276  352  356  494
  4
  213  278  360  452
  5
  1  45  112  213  229
  5
  63  235  257  334  366
  6
  38  48  104  136  246  444
  5
  3  113  194  288  464
  7
  32  133  134  161  263  283  462
  8
  104  146  215  216  235  297  333  395
  8
  58  124  151  271  349  408  462  489
  6
  43  50  52  319  429  449
  4
  162  280  350  388
  4
  2  302  374  393
  4
  242  264  354  360
  10
  22  63  116  144  163  266  310  413  418  455
  4
  18  27  137  360
  9
  12  44  178  216  257  300  415  431  468
  3
  88  128  413
  8
  18  251  297  383  392  404  446  471
  7
  100  181  306  352  398  427  496
  10
  46  67  69  86  124  292  320  362  419  500
  5
  167  177  231  235  392
  10
  99  109  172  174  250  256  334  369  488  491
  3
  170  244  480
  10
  101  122  178  199  205  246  305  371  443  483
  7
  13  36  91  244  332  420  495
  9
  66  216  297  307  308  319  421  447  500
  4
  103  287  347  447
  9
  98  169  173  223  236  265  394  417  496
  4
  231  265  406  455
  6
  63  66  190  219  436  453
  7
  8  42  135  247  301  319  471
  5
  19  184  244  251  306
  6
  71  136  328  356  407  435
  2
  213  289
  6
  4  116  362  419  465  486
  5
  209  232  386  409  483
  2
  266  360
  9
  90  118  210  226  262  273  423  443  486
  9
  72  91  104  236  295  305  367  380  434
  6
  69  126  148  170  388  441
  10
  41  82  126  155  239  270  308  317  325  338
  2
  145  354
  4
  69  95  115  148
  5
  153  253  254  371  468
  6
  21  26  36  71  337  473
  2
  22  197
  4
  213  379  426  434
  10
  22  95  114  169  340  341  363  365  418  470
  10
  11  60  89  92  137  187  301  345  356  407
  6
  276  287  369  407  484  496
  9
  42  53  87  95  145  214  249  373  392
  10
  25  74  150  153  205  316  319  340  425  499
  3
  138  203  472
  8
  43  150  182  227  279  302  309  415
  4
  80  236  443  466
  4
  15  93  275  448
  7
  76  96  161  241  331  355  368
  7
  124  172  212  287  314  389  473
  5
  143  168  192  350  412
  3
  187  206  470
  8
  18  24  112  178  228  288  388  402
  8
  12  95  134  249  307  352  383  420
  10
  12  14  16  20  40  170  287  310  327  405
  8
  111  145  244  389  424  429  452  468
  8
  34  84  123  409  423  441  456  484
  4
  167  368  488  499
  9
  93  132  222  293  344  413  430  473  499
  3
  22  107  201
  2
  34  272
  5
  158  170  287  343  415
  4
  70  189  325  455
  4
  3  135  210  334
  6
  210  219  255  287  299  394
  10
  36  183  242  268  302  307  343  351  440  466
  9
  43  84  224  369  382  399  420  481  482
  4
  152  171  327  406
  9
  39  70  73  115  122  150  316  392  452
  8
  29  68  166  252  273  278  304  464
  9
  17  59  320  335  348  356  415  454  466
  10
  1  46  71  95  164  171  176  269  344  462
  7
  171  267  365  408  409  451  475
  7
  185  196  346  358  411  456  461
  3
  108  114  460
  2
  37  70
  7
  164  238  265  332  429  455  467
  5
  104  168  356  381  439
  3
  140  335  383
  5
  82  179  204  240  408
  10
  60  144  194  265  273  285  392  403  429  495
  5
  4  98  144  266  279
  7
  147  196  279  282  343  348  409
  8
  7  17  77  97  130  154  221  407
  8
  17  18  50  76  159  320  411  471
  8
  39  114  175  202  262  297  343  439
  5
  126  186  234  338  344
  9
  53  124  159  252  274  310  339  386  480
  8
  48  163  211  215  217  278  391  393
  8
  44  82  122  152  164  183  375  387
  6
  66  238  296  415  442  447
  6
  142  155  202  315  347  383
  9
  8  80  130  132  175  177  198  318  462
  3
  313  347  381
  3
  262  292  477
  8
  42  207  222  239  260  350  384  457
  6
  66  105  177  225  367  405
  7
  113  160  177  226  273  306  388
  4
  40  218  339  490
  3
  275  398  489
  2
  2  198
  6
  80  173  278  390  410  468
  6
  90  109  236  237  309  332
  2
  86  380
  9
  1  56  127  147  255  294  382  411  471
  5
  60  137  206  271  454
  10
  43  145  184  204  228  229  268  280  404  494
  10
  1  89  146  161  216  329  351  364  444  480
  6
  160  247  275  419  459  476
  7
  52  144  255  328  334  380  475
  10
  11  58  85  183  256  312  328  365  400  486
  6
  48  85  191  199  275  409
  9
  10  166  228  235  242  253  287  288  367
  10
  47  98  185  194  224  265  273  312  368  488
  9
  2  87  90  152  185  269  319  346  485
  4
  116  142  202  217
  7
  29  36  64  98  220  394  452
  10
  22  33  39  71  120  139  142  215  322  358
  6
  218  239  245  351  411  464
  9
  124  150  157  245  348  374  378  404  418
  8
  30  95  296  298  300  352  360  382
  5
  214  238  324  413  495
  3
  122  350  444
  7
  165  263  270  307  433  474  497
  8
  29  119  184  244  360  393  440  498
  3
  80  173  189
  10
  33  34  95  96  129  222  232  330  370  413
  4
  90  134  281  486
  10
  27  49  84  117  285  337  346  419  474  487
  10
  14  61  124  354  357  358  384  401  404  446
  3
  49  133  241
  9
  80  122  155  178  279  280  308  330  364
  5
  11  53  367  371  470
  9
  10  82  88  148  227  237  379  388  429
  2
  4  403
  2
  162  398
  3
  9  247  499
  5
  57  126  363  394  406
  8
  8  47  120  139  242  304  399  468
  2
  302  388
  6
  113  153  419  472  497  500
  6
  53  193  194  213  215  346
  7
  2  40  88  125  242  282  286
  6
  146  160  169  197  202  210
  5
  30  133  231  380  403
  8
  26  71  84  198  283  284  343  426
  5
  134  137  182  449  452
  8
  100  116  160  230  323  324  356  432
  9
  3  27  44  56  97  98  312  434  476
  8
  67  86  88  246  275  448  468  469
  6
  2  12  28  34  239  402
  7
  24  170  271  328  344  471  480
  3
  90  164  363
  4
  70  148  232  475
  7
  60  125  255  277  310  457  465
  10
  9  95  116  166  346  431  452  464  469  476
  2
  27  301
  2
  49  347
  2
  44  481
  5
  108  246  383  392  419
  6
  98  220  228  316  369  475
  7
  11  39  46  290  390  410  424
  7
  10  72  157  235  250  374  433
  6
  94  96  116  356  382  485
  4
  141  155  295  317
  6
  171  194  210  231  304  314
  4
  57  250  307  391
  3
  162  323  434
  5
  221  262  388  402  414
  9
  22  44  128  288  303  364  404  412  484
  3
  357  370  388
  3
  137  211  217
  5
  140  311  326  400  407
  5
  111  136  204  223  389
  4
  8  183  356  398
  8
  250  273  320  354  370  425  466  475
  3
  94  181  421
  5
  131  132  134  141  208
  9
  23  211  289  356  362  394  462  479  483
  8
  134  229  260  291  318  339  351  459
  7
  28  189  202  216  253  297  462
  9
  10  164  298  299  337  384  390  412  471
  8
  118  148  150  173  317  382  409  470
  6
  41  45  85  106  213  301
  10
  19  130  206  229  293  354  424  431  458  483
  3
  399  472  483
  8
  108  236  288  337  363  377  444  486
  9
  95  163  168  195  257  299  348  439  500
  7
  24  93  212  309  344  485  486
  6
  47  121  170  241  331  497
  4
  13  121  177  215
  2
  332  422
  6
  44  47  66  94  243  390
  9
  93  149  151  202  215  377  385  429  476
  10
  114  155  159  167  201  231  302  304  325  485
  7
  95  153  185  187  295  328  431
  9
  16  94  125  239  380  425  431  473  497
  3
  183  287  409
  4
  89  164  183  285
  5
  68  97  363  375  399
  8
  50  199  209  305  400  442  460  489
  4
  24  394  473  482
  3
  41  59  338
  4
  28  161  300  376
  3
  232  306  429
  3
  2  195  415
  10
  66  98  106  144  188  229  258  339  385  413
