  1000  200
  3  2  7  17  9  10  1  5  13  13  4  4  9  11  1  3  1  10  15  9  6  20  3  3  12  7  2  1  14  15  5  9  12  12  10  5  2  13  13  11  17  4  6  1  14  14  16  8  14  16  9  2  6  16  8  3  15  11  18  8  2  19  8  13  7  5  19  18  17  5  14  20  19  18  14  14  10  10  20  17  3  8  16  6  19  7  18  5  3  2  8  17  13  19  8  4  17  10  7  9  8  11  5  2  15  20  19  17  3  12  11  9  17  6  17  1  8  3  10  1  5  12  8  18  7  8  17  4  12  12  12  13  6  8  18  15  15  16  12  7  4  18  16  13  18  6  4  2  8  4  18  7  7  5  20  19  19  5  17  10  14  6  3  9  16  12  15  2  13  10  2  7  14  15  5  7  18  20  20  8  3  10  6  17  17  7  10  11  8  14  19  17  2  14  9  7  13  2  13  19
  2
  170  186
  2
  120  165
  3
  47  148  172
  2
  26  32
  2
  57  134
  2
  143  161
  2
  124  133
  3
  90  95  164
  3
  42  162  189
  2
  149  162
  2
  49  189
  3
  89  148  168
  2
  97  178
  4
  35  93  114  195
  3
  79  106  136
  3
  92  145  195
  4
  2  19  76  186
  3
  107  189  195
  4
  25  44  61  104
  3
  66  114  190
  2
  10  140
  3
  47  102  123
  3
  3  118  178
  2
  16  111
  4
  110  131  148  156
  4
  11  44  57  108
  2
  23  190
  2
  7  51
  3
  5  133  183
  4
  31  61  94  190
  3
  31  65  72
  2
  107  120
  4
  118  120  143  188
  4
  63  74  97  162
  3
  1  30  154
  2
  89  188
  2
  12  16
  2
  30  109
  3
  16  165  168
  4
  5  30  96  152
  3
  119  169  179
  2
  96  144
  2
  104  135
  4
  82  112  130  179
  4
  50  134  137  157
  4
  19  45  78  167
  3
  26  84  187
  4
  5  61  80  161
  3
  52  58  187
  3
  36  46  103
  2
  63  173
  4
  3  71  99  143
  2
  64  103
  2
  25  78
  2
  156  177
  2
  156  163
  4
  41  82  125  191
  2
  35  57
  2
  159  184
  3
  24  131  198
  4
  50  74  168  180
  2
  123  136
  4
  9  86  151  156
  3
  8  17  36
  3
  22  125  185
  2
  70  132
  4
  9  115  133  182
  3
  112  144  193
  4
  32  93  113  121
  3
  33  57  137
  4
  20  47  84  174
  2
  104  195
  3
  62  113  179
  4
  15  81  119  171
  4
  45  90  98  109
  3
  114  133  150
  2
  18  30
  2
  58  197
  3
  11  124  183
  3
  39  69  117
  4
  14  55  158  166
  4
  9  63  102  157
  4
  106  144  163  187
  3
  12  95  181
  3
  23  81  128
  3
  27  54  62
  2
  17  95
  2
  109  188
  4
  15  39  49  76
  2
  12  127
  4
  49  69  135  141
  2
  1  96
  4
  46  53  64  124
  4
  51  76  133  185
  2
  104  150
  3
  11  138  147
  2
  7  72
  2
  120  121
  4
  27  62  154  196
  2
  1  63
  2
  35  88
  3
  112  133  182
  3
  42  75  113
  2
  2  110
  3
  15  193  198
  2
  125  194
  2
  26  106
  4
  57  127  167  185
  4
  18  158  197  200
  4
  53  67  123  178
  2
  9  153
  2
  173  200
  3
  24  40  106
  3
  58  66  120
  4
  56  113  151  200
  4
  82  86  91  119
  2
  35  46
  4
  30  119  191  196
  2
  96  147
  3
  2  97  179
  3
  40  67  135
  2
  56  117
  2
  72  158
  4
  16  32  35  135
  2
  138  140
  3
  2  17  83
  3
  35  37  147
  2
  96  124
  3
  35  44  85
  3
  125  178  200
  2
  138  178
  3
  90  113  191
  4
  4  47  52  113
  4
  60  178  189  191
  2
  2  31
  3
  21  99  114
  4
  10  130  184  193
  2
  123  186
  2
  148  188
  3
  115  122  147
  2
  53  192
  2
  110  175
  2
  114  131
  2
  47  148
  3
  29  44  120
  2
  21  147
  3
  92  139  155
  3
  64  110  139
  4
  90  108  161  186
  4
  24  111  124  144
  4
  83  85  94  184
  3
  28  44  126
  2
  3  42
  4
  13  18  62  162
  4
  9  74  145  189
  2
  89  101
  4
  47  57  132  135
  2
  135  157
  4
  49  71  88  116
  2
  91  165
  4
  32  177  179  198
  2
  38  183
  2
  45  106
  3
  84  196  199
  3
  47  84  115
  4
  109  112  166  195
  2
  32  129
  2
  97  139
  3
  10  30  181
  4
  25  61  93  198
  3
  129  165  194
  2
  48  79
  3
  7  60  76
  3
  22  62  101
  4
  109  141  158  174
  2
  139  166
  4
  49  82  120  161
  3
  73  93  177
  2
  20  140
  3
  50  179  199
  4
  110  136  138  196
  4
  74  107  130  175
  3
  111  156  172
  2
  3  97
  3
  53  76  194
  2
  28  184
  2
  49  130
  3
  16  109  177
  2
  115  142
  3
  3  78  200
  3
  37  38  40
  2
  4  162
  3
  32  60  141
  2
  31  54
  4
  33  52  165  190
  4
  74  79  128  163
  3
  17  104  142
  2
  89  141
  2
  57  96
  4
  34  122  140  186
  2
  74  128
  3
  33  45  84
  2
  4  173
  3
  5  24  184
  2
  20  69
  2
  37  125
  3
  27  104  164
  3
  44  142  166
  3
  1  108  168
  4
  12  30  116  142
  3
  101  137  159
  4
  34  55  58  81
  2
  16  135
  4
  15  65  82  183
  3
  62  112  152
  3
  54  163  187
  2
  65  181
  2
  143  195
  4
  126  155  173  174
  3
  67  102  196
  2
  103  110
  4
  11  13  74  89
  4
  5  21  88  185
  3
  29  33  144
  3
  21  119  192
  2
  61  195
  3
  99  123  156
  4
  38  115  136  168
  3
  13  121  140
  4
  135  149  162  199
  4
  9  30  72  94
  4
  24  87  131  171
  4
  5  7  75  79
  3
  148  154  195
  3
  36  57  70
  4
  25  30  55  114
  2
  30  174
  2
  146  191
  4
  56  99  142  169
  3
  12  88  170
  3
  3  7  146
  4
  58  68  111  152
  3
  75  99  174
  4
  39  51  150  158
  3
  72  152  199
  2
  84  151
  4
  79  122  152  166
  4
  110  119  164  188
  2
  83  196
  3
  36  95  141
  3
  154  186  200
  2
  14  57
  3
  122  163  189
  3
  35  122  140
  4
  26  103  152  156
  2
  46  123
  3
  34  67  96
  3
  148  159  176
  4
  43  113  162  196
  2
  135  189
  2
  40  52
  2
  1  194
  2
  13  47
  3
  29  117  126
  3
  87  118  124
  4
  41  60  61  191
  4
  12  48  155  165
  3
  44  51  188
  2
  63  200
  4
  64  79  125  162
  3
  147  184  200
  4
  107  122  168  175
  2
  44  72
  3
  33  151  162
  3
  92  105  136
  2
  73  173
  4
  101  105  120  158
  4
  3  10  34  47
  4
  153  156  161  178
  2
  112  194
  2
  24  72
  4
  31  58  60  113
  3
  6  22  192
  2
  135  200
  4
  26  32  96  114
  4
  4  8  147  165
  3
  79  116  178
  2
  73  134
  2
  41  136
  2
  19  142
  4
  47  94  147  161
  2
  145  181
  2
  32  33
  4
  86  90  101  121
  3
  20  22  120
  3
  23  140  142
  3
  40  59  133
  3
  19  73  100
  4
  35  82  152  170
  4
  41  58  187  189
  3
  9  126  177
  4
  36  106  116  133
  2
  116  124
  3
  5  120  137
  4
  61  74  145  180
  3
  134  138  175
  2
  14  34
  4
  23  56  79  90
  4
  57  73  118  121
  3
  1  112  178
  3
  53  147  198
  3
  34  77  164
  2
  1  62
  2
  20  110
  3
  83  128  147
  3
  145  155  157
  2
  120  157
  3
  67  135  184
  4
  92  114  121  152
  4
  8  27  89  129
  3
  41  167  197
  3
  170  175  198
  3
  3  65  137
  2
  43  66
  2
  172  174
  2
  19  43
  4
  15  137  190  199
  4
  25  56  92  147
  2
  105  198
  4
  10  56  171  179
  2
  81  154
  4
  2  61  182  192
  2
  30  125
  2
  27  34
  2
  35  37
  3
  130  160  199
  2
  18  109
  4
  110  130  179  183
  2
  22  137
  3
  39  116  177
  2
  63  151
  2
  17  155
  2
  53  74
  2
  109  130
  2
  17  143
  2
  153  155
  3
  5  87  189
  4
  18  46  74  131
  4
  4  108  183  187
  4
  78  164  166  177
  4
  62  175  185  190
  4
  9  63  166  167
  2
  161  166
  2
  34  67
  3
  23  78  159
  3
  62  136  191
  2
  84  143
  2
  31  58
  3
  185  194  197
  3
  113  116  185
  4
  17  34  70  112
  2
  76  151
  4
  7  93  119  131
  2
  111  181
  3
  15  19  59
  4
  18  94  107  174
  2
  174  198
  2
  16  173
  3
  82  161  167
  4
  48  79  84  140
  3
  80  107  158
  3
  119  179  198
  4
  132  143  149  177
  4
  43  131  138  150
  3
  33  75  189
  3
  17  62  79
  3
  41  163  165
  2
  78  104
  3
  32  64  120
  4
  6  118  141  151
  3
  149  169  200
  3
  75  101  187
  2
  45  183
  3
  32  36  141
  3
  33  120  121
  2
  68  100
  3
  19  64  138
  2
  1  188
  2
  18  36
  4
  23  92  178  191
  3
  40  127  180
  3
  1  96  152
  3
  30  61  89
  3
  96  109  189
  3
  60  125  133
  2
  53  178
  2
  22  138
  2
  72  187
  3
  37  40  120
  2
  41  80
  4
  12  19  105  135
  3
  35  193  198
  4
  63  73  86  190
  4
  69  165  174  193
  4
  6  38  126  146
  3
  112  147  181
  4
  52  104  153  191
  4
  64  90  139  184
  4
  15  79  127  178
  2
  45  129
  2
  126  127
  3
  31  125  187
  3
  31  59  120
  4
  39  42  144  177
  3
  1  4  45
  3
  36  62  115
  4
  2  10  27  70
  3
  29  62  188
  2
  22  131
  3
  95  161  168
  2
  26  180
  2
  115  196
  2
  89  101
  4
  48  91  94  156
  4
  78  86  174  189
  3
  119  128  130
  3
  5  7  95
  2
  56  120
  2
  30  102
  2
  71  128
  3
  52  89  110
  2
  141  177
  3
  8  44  183
  4
  60  80  89  150
  4
  92  104  119  133
  3
  37  46  168
  3
  21  59  95
  2
  45  151
  3
  59  118  175
  4
  56  117  176  186
  3
  70  129  185
  3
  126  130  165
  4
  51  121  129  133
  4
  97  100  133  160
  3
  34  77  129
  3
  40  76  179
  3
  39  46  157
  4
  35  62  136  170
  2
  66  77
  2
  24  192
  2
  2  72
  3
  27  56  87
  4
  48  67  88  103
  3
  55  85  140
  2
  6  31
  3
  24  160  188
  3
  52  152  157
  2
  81  162
  3
  7  156  159
  3
  143  145  169
  3
  48  96  156
  2
  2  183
  4
  66  73  89  165
  3
  163  165  182
  3
  76  194  195
  4
  8  34  113  158
  3
  107  150  177
  2
  172  184
  2
  6  98
  4
  56  85  179  187
  4
  43  84  114  187
  2
  124  152
  2
  73  132
  4
  6  84  163  170
  3
  34  63  115
  4
  1  18  34  39
  4
  66  89  141  155
  4
  17  51  152  183
  3
  4  89  159
  3
  23  112  190
  2
  107  117
  4
  24  54  108  163
  3
  47  87  192
  4
  57  80  131  199
  3
  106  173  193
  3
  44  117  158
  3
  4  39  138
  4
  9  88  96  115
  4
  49  118  181  192
  4
  11  125  129  179
  2
  1  157
  2
  62  164
  3
  121  142  188
  3
  22  143  186
  2
  16  79
  3
  35  52  72
  2
  9  98
  3
  74  129  193
  3
  41  108  182
  4
  32  62  93  145
  2
  3  45
  2
  45  137
  3
  44  72  76
  3
  65  182  188
  4
  19  38  51  134
  3
  29  62  191
  3
  153  179  200
  4
  103  109  117  141
  4
  30  79  154  165
  4
  70  81  128  141
  4
  30  32  61  166
  3
  6  44  68
  4
  92  107  125  128
  3
  34  54  187
  4
  2  35  77  199
  4
  26  72  156  197
  2
  136  158
  2
  16  85
  4
  9  41  98  181
  3
  27  92  173
  3
  73  116  169
  3
  43  129  136
  3
  30  129  145
  4
  35  80  110  180
  3
  104  105  136
  4
  15  38  162  188
  4
  39  46  52  160
  4
  7  119  161  196
  2
  48  158
  3
  51  154  161
  2
  99  115
  2
  121  149
  4
  91  169  171  193
  2
  71  132
  3
  8  31  86
  4
  6  101  103  133
  3
  32  78  117
  3
  94  123  192
  3
  82  123  164
  2
  99  150
  3
  55  100  105
  4
  30  106  109  129
  2
  118  143
  2
  61  148
  2
  54  130
  4
  41  65  77  100
  4
  38  62  124  137
  4
  22  50  127  152
  2
  152  159
  4
  43  71  79  148
  4
  21  22  124  137
  4
  30  112  120  158
  2
  55  182
  3
  65  103  181
  4
  38  39  73  117
  2
  55  162
  2
  92  161
  4
  2  8  40  127
  2
  40  196
  3
  8  13  27
  2
  111  117
  2
  24  122
  3
  35  58  110
  2
  91  198
  3
  84  189  193
  2
  13  146
  3
  121  158  198
  3
  66  112  143
  3
  104  132  182
  4
  10  98  108  131
  3
  27  95  118
  3
  17  53  123
  4
  48  79  134  198
  3
  53  59  126
  2
  3  101
  4
  30  100  139  166
  2
  102  155
  4
  29  62  91  126
  3
  19  73  83
  4
  56  71  91  135
  4
  17  34  91  168
  4
  30  67  77  191
  2
  1  134
  3
  68  163  169
  3
  33  44  53
  2
  156  189
  2
  88  168
  3
  15  35  116
  2
  78  188
  2
  50  92
  3
  14  33  154
  3
  61  78  106
  4
  50  172  184  189
  4
  34  65  133  195
  4
  25  41  146  150
  3
  128  173  186
  3
  110  111  146
  2
  39  182
  4
  51  114  126  200
  3
  19  61  144
  2
  95  101
  2
  50  140
  3
  65  87  163
  3
  55  146  164
  3
  61  78  156
  3
  41  50  88
  3
  16  34  124
  2
  41  87
  4
  15  148  152  177
  4
  4  45  93  96
  4
  23  25  98  110
  3
  19  37  49
  4
  24  44  113  153
  3
  63  111  196
  4
  53  61  142  167
  3
  36  173  193
  3
  45  189  200
  4
  8  103  137  152
  4
  32  116  178  191
  3
  94  101  149
  4
  62  113  135  152
  4
  21  33  114  159
  3
  33  123  129
  4
  33  61  143  199
  3
  42  43  175
  2
  41  179
  2
  53  136
  4
  4  25  64  77
  3
  68  70  136
  4
  9  31  40  150
  3
  26  61  136
  4
  16  91  98  183
  4
  45  73  125  181
  2
  35  56
  2
  87  139
  4
  8  27  135  153
  3
  136  141  200
  2
  71  190
  3
  5  18  187
  3
  79  103  127
  2
  50  117
  2
  19  56
  3
  93  132  178
  2
  132  186
  4
  15  97  128  187
  4
  42  71  89  138
  3
  15  37  79
  2
  119  133
  4
  26  49  91  166
  4
  89  126  151  197
  4
  50  69  118  137
  4
  18  48  137  145
  3
  17  105  175
  3
  42  126  142
  4
  84  118  122  176
  4
  37  82  138  172
  3
  65  118  128
  2
  41  139
  2
  150  172
  2
  113  144
  4
  146  163  178  184
  4
  28  109  113  124
  4
  44  61  144  156
  2
  110  178
  4
  21  133  134  165
  3
  6  27  104
  4
  85  91  104  175
  3
  14  48  143
  2
  60  66
  2
  68  133
  4
  53  89  138  166
  2
  7  145
  3
  37  126  143
  2
  55  78
  4
  11  33  110  111
  4
  33  51  129  143
  4
  11  17  34  91
  3
  13  150  157
  4
  50  82  133  139
  3
  41  67  163
  3
  8  29  66
  2
  157  181
  3
  4  7  123
  2
  43  191
  4
  31  51  111  118
  2
  15  76
  4
  45  145  186  198
  2
  61  166
  2
  116  198
  3
  46  105  139
  4
  33  43  91  96
  2
  165  197
  3
  109  115  142
  2
  37  135
  4
  56  128  167  194
  2
  88  198
  4
  14  75  162  175
  2
  49  178
  3
  161  186  196
  4
  14  23  73  89
  2
  114  155
  3
  33  138  166
  3
  91  101  127
  3
  77  109  152
  2
  59  165
  4
  119  128  142  144
  3
  52  58  198
  4
  20  116  126  185
  2
  65  95
  4
  5  53  94  171
  4
  6  34  95  125
  4
  23  42  138  191
  4
  48  105  188  200
  2
  50  93
  4
  13  142  186  191
  3
  79  155  163
  3
  32  71  170
  3
  35  79  191
  4
  58  72  136  179
  3
  25  113  131
  3
  101  119  189
  3
  17  50  105
  4
  33  107  188  192
  4
  23  136  157  161
  2
  43  90
  3
  84  104  161
  2
  89  182
  2
  92  108
  4
  147  160  170  181
  4
  132  144  179  183
  2
  54  165
  4
  92  151  160  175
  4
  37  45  66  184
  4
  45  61  94  160
  2
  77  99
  4
  4  30  73  189
  3
  24  58  59
  2
  54  71
  4
  106  121  142  197
  2
  91  101
  4
  50  110  111  142
  4
  11  88  134  155
  3
  21  132  190
  2
  172  182
  3
  9  65  177
  4
  65  73  113  138
  3
  111  158  159
  2
  129  172
  3
  5  97  120
  2
  98  155
  4
  50  98  118  172
  2
  111  130
  3
  38  138  187
  4
  56  156  157  166
  3
  27  110  148
  4
  13  45  134  149
  3
  38  76  119
  3
  39  105  149
  4
  67  68  112  159
  4
  19  124  133  195
  4
  35  50  57  82
  4
  41  123  184  198
  4
  14  33  138  169
  4
  33  69  132  146
  3
  76  77  184
  4
  1  3  28  60
  3
  6  97  152
  2
  40  139
  2
  60  157
  3
  91  107  189
  4
  32  126  130  169
  3
  42  105  137
  3
  67  88  181
  4
  93  139  150  167
  2
  58  181
  3
  8  117  163
  2
  38  163
  2
  169  172
  4
  130  140  169  178
  3
  76  136  169
  4
  23  84  126  163
  4
  35  140  172  181
  4
  118  151  153  176
  3
  81  138  156
  3
  81  85  177
  2
  54  170
  4
  3  12  131  156
  2
  9  146
  2
  125  133
  2
  31  64
  3
  81  107  110
  3
  19  103  197
  4
  94  121  133  150
  2
  43  53
  2
  126  149
  2
  40  128
  3
  92  155  179
  4
  12  139  165  173
  2
  58  99
  4
  14  17  149  161
  2
  54  58
  2
  37  136
  3
  55  113  185
  2
  175  176
  4
  20  34  140  195
  3
  30  74  102
  2
  3  27
  4
  22  99  157  191
  2
  11  16
  4
  18  29  65  104
  2
  24  177
  3
  13  86  194
  4
  6  81  172  189
  2
  79  172
  3
  67  172  180
  4
  39  86  126  170
  4
  30  76  80  130
  2
  7  102
  4
  25  99  102  137
  3
  46  94  197
  2
  98  172
  3
  14  81  95
  3
  121  175  193
  2
  21  120
  2
  39  168
  3
  42  58  100
  2
  26  158
  2
  101  171
  2
  23  128
  3
  68  76  84
  2
  19  101
  4
  41  62  162  164
  2
  8  106
  4
  75  117  119  187
  2
  176  198
  4
  124  132  136  181
  4
  78  121  129  134
  2
  134  177
  2
  5  162
  4
  10  33  163  200
  3
  22  51  86
  2
  38  81
  2
  149  193
  3
  62  98  200
  2
  100  135
  2
  2  136
  2
  68  134
  2
  99  101
  4
  9  45  101  126
  3
  55  100  112
  3
  1  32  177
  3
  76  125  184
  4
  14  29  176  197
  4
  2  75  130  187
  2
  118  188
  4
  34  49  116  167
  2
  82  194
  3
  100  125  154
  3
  36  46  152
  3
  17  90  153
  2
  45  108
  4
  7  82  104  140
  4
  79  116  157  186
  4
  56  82  109  159
  2
  128  200
  3
  25  96  185
  2
  8  159
  3
  16  136  177
  2
  20  163
  2
  82  194
  2
  110  182
  3
  2  181  194
  4
  27  66  126  131
  2
  12  52
  3
  68  184  194
  3
  138  164  188
  2
  7  188
  2
  98  190
  2
  150  168
  2
  45  114
  3
  8  53  151
  4
  9  95  114  137
  2
  80  165
  2
  39  152
  2
  21  135
  4
  13  101  144  180
  3
  78  130  185
  4
  41  62  129  133
  2
  125  199
  3
  44  67  166
  2
  52  146
  2
  14  92
  3
  125  147  198
  3
  10  40  200
  4
  40  103  187  197
  4
  3  72  99  182
  2
  114  160
  4
  30  110  113  167
  2
  122  136
  4
  70  88  173  200
  4
  91  98  122  186
  4
  120  128  171  172
  4
  39  111  117  187
  2
  57  118
  4
  5  29  55  157
  4
  5  40  53  104
  3
  4  78  192
  2
  107  110
  4
  12  107  141  171
  3
  84  97  168
  3
  83  123  127
  3
  7  48  88
  4
  7  30  43  155
  3
  44  145  171
  2
  13  164
  2
  50  157
  4
  97  110  141  178
  4
  2  14  60  103
  4
  29  35  71  168
  2
  45  146
  3
  62  128  168
  3
  59  125  172
  3
  35  54  197
  3
  114  126  136
  3
  2  98  117
  2
  107  142
  2
  27  116
  4
  27  104  116  154
  3
  79  126  198
  3
  28  84  95
  3
  9  66  74
  3
  2  143  194
  2
  50  57
  3
  6  133  184
  2
  59  184
  2
  87  120
  2
  126  170
  3
  76  98  173
  3
  38  46  114
  3
  30  52  104
  2
  121  123
  4
  21  22  37  126
  4
  44  46  58  139
  2
  34  35
  3
  32  41  168
  2
  139  174
  4
  12  84  87  129
  2
  41  103
  4
  9  18  105  115
  2
  116  177
  2
  113  173
  2
  24  133
  4
  45  56  57  84
  3
  13  80  152
  3
  64  100  150
  4
  21  77  121  147
  2
  46  98
  4
  73  101  144  156
  4
  75  150  166  196
  3
  30  59  148
  2
  127  131
  4
  40  72  84  88
  3
  5  45  83
  2
  21  173
  2
  129  194
  3
  66  128  186
  4
  47  85  119  181
  3
  5  69  193
  3
  151  181  184
  2
  117  194
  3
  2  26  179
  3
  99  124  148
  3
  42  148  188
  2
  68  196
  3
  50  62  163
  2
  75  187
  2
  152  166
  3
  53  137  184
  3
  69  89  131
  4
  20  145  169  188
  4
  86  92  182  190
  4
  116  157  178  197
  3
  11  65  93
  2
  76  96
  3
  22  84  197
  3
  7  42  190
  3
  60  72  116
  3
  13  37  146
  3
  73  118  120
  3
  14  30  120
  3
  20  161  162
  2
  32  188
  4
  6  71  73  110
  2
  59  115
  3
  141  164  191
  3
  5  46  155
  4
  71  121  137  162
  4
  26  59  72  167
  2
  60  189
  2
  56  170
